1641373200000,477.3,513.5,477.3,496.1,73.882
1641376800000,492.9,496.4,492.9,495.6,66.524
1641380400000,495.4,495.4,486.9,488.2,26.523
1641384000000,492.6,492.6,481.4,481.8,12.592
1641387600000,491.1,491.1,482.0,485.0,4.558
1641391200000,482.0,494.8,482.0,482.2,30.006
1641394800000,485.0,486.6,482.8,485.6,12.593
1641398400000,486.4,497.8,479.0,479.2,86.304
1641402000000,478.0,480.8,467.7,467.7,112.828
1641405600000,474.2,475.0,467.0,475.0,41.816
1641409200000,471.4,476.5,450.1,463.5,107.472
1641412800000,462.1,469.5,452.7,459.0,168.032
1641416400000,471.6,471.8,451.3,452.2,41.706
1641420000000,452.2,484.2,425.5,447.3,172.485
1641423600000,448.3,458.6,440.5,455.6,94.897
1641427200000,450.5,461.5,445.8,452.9,260.157
1641430800000,456.4,466.7,444.0,447.8,25.547
1641434400000,447.8,447.8,440.0,440.0,131.328
1641438000000,440.0,443.8,435.6,435.6,13.878
1641441600000,435.7,459.9,434.7,443.3,24.716
1641445200000,443.5,454.7,443.5,447.6,13.487
1641448800000,438.4,484.0,438.4,443.1,5.933
1641452400000,443.4,473.1,443.4,446.8,6.78
1641456000000,445.1,448.0,443.4,443.5,5.905
1641459600000,443.5,445.5,435.5,437.7,28.23
1641463200000,437.7,458.1,433.4,434.5,82.327
1641466800000,441.5,441.5,432.0,436.1,24.195
1641470400000,436.0,446.9,430.0,435.3,80.733
1641474000000,435.3,444.0,432.4,443.3,80.583
1641477600000,444.0,446.2,436.9,436.9,85.826
1641481200000,443.1,444.2,430.0,442.3,142.625
1641484800000,440.1,448.4,438.0,443.5,27.977
1641488400000,443.5,452.1,438.3,444.8,98.393
1641492000000,444.8,456.8,442.6,456.8,46.93
1641495600000,456.6,459.3,453.9,456.9,94.47
1641499200000,460.5,460.5,453.0,455.8,54.444
1641502800000,455.8,479.7,453.5,456.0,46.096
1641506400000,453.7,465.4,453.0,457.8,57.54
1641510000000,456.8,473.8,450.0,456.3,17.967
1641513600000,452.1,453.9,439.1,440.7,17.549
1641517200000,439.3,444.4,436.7,441.8,12.257
1641520800000,440.6,440.6,429.5,429.5,17.319
1641524400000,429.9,461.1,407.0,414.3,309.205
1641528000000,412.1,412.1,392.4,405.0,441.639
1641531600000,405.0,416.1,403.4,408.2,11.066
1641535200000,404.1,408.2,403.2,408.2,6.237
1641538800000,407.8,412.2,406.5,409.9,2.308
1641542400000,418.5,423.0,413.4,415.0,34.554
1641546000000,417.0,439.1,416.0,416.0,43.034
1641549600000,416.0,437.8,410.0,410.6,58.499
1641553200000,410.0,429.3,405.8,429.3,28.97
1641556800000,411.4,422.1,411.4,416.0,66.329
1641560400000,417.5,420.7,399.9,402.0,310.108
1641564000000,402.3,439.1,402.1,404.1,96.606
1641567600000,404.1,405.0,388.9,398.2,69.523
1641571200000,398.2,409.8,391.2,408.6,149.869
1641574800000,406.1,407.8,401.0,406.4,34.406
1641578400000,406.4,407.9,397.3,401.3,134.578
1641582000000,403.8,404.9,398.0,403.6,59.823
1641585600000,403.6,407.6,398.5,405.2,64.217
1641589200000,405.2,410.0,400.9,410.0,29.099
1641592800000,405.3,409.9,390.0,396.9,84.049
1641596400000,396.3,402.4,382.0,391.0,131.722
1641600000000,400.6,418.0,389.1,403.5,76.981
1641603600000,405.3,407.5,400.0,400.0,36.646
1641607200000,400.0,409.3,394.1,399.2,157.168
1641610800000,399.2,401.4,395.2,395.2,58.864
1641614400000,404.9,404.9,397.2,397.2,6.03
1641618000000,398.9,400.3,397.0,397.4,18.207
1641621600000,397.5,404.2,392.1,393.6,45.983
1641625200000,393.6,403.4,393.6,396.8,21.236
1641628800000,400.5,402.4,399.5,399.5,58.813
1641632400000,400.9,400.9,398.8,400.9,10.848
1641636000000,403.0,403.6,395.9,400.9,9.67
1641639600000,400.9,405.0,396.1,401.0,94.735
1641643200000,401.0,402.0,398.1,399.9,25.711
1641646800000,401.6,404.3,395.1,400.3,35.246
1641650400000,400.3,400.9,395.8,398.4,41.937
1641654000000,395.0,396.4,382.8,385.1,265.73
1641657600000,385.1,391.6,370.3,378.5,418.92
1641661200000,376.8,382.4,364.4,364.8,431.937
1641664800000,364.8,385.2,346.5,360.0,176.482
1641668400000,358.9,365.2,357.0,362.8,87.474
1641672000000,362.8,375.4,359.8,367.5,64.372
1641675600000,368.7,383.3,368.6,380.7,101.217
1641679200000,381.7,394.9,381.0,390.2,61.564
1641682800000,390.3,391.9,375.0,380.5,41.263
1641686400000,382.4,386.6,374.9,386.2,65.594
1641690000000,386.7,389.8,383.9,386.5,9.411
1641693600000,386.5,393.7,385.1,391.9,44.364
1641697200000,391.8,391.8,387.5,388.9,7.944
1641700800000,391.9,392.9,390.7,392.1,18.382
1641704400000,395.2,397.1,388.9,389.4,8.192
1641708000000,394.6,398.5,394.6,397.9,6.418
1641711600000,400.0,403.6,398.0,399.1,45.74
1641715200000,399.1,399.1,396.3,398.0,0.131
1641718800000,406.0,406.0,401.8,403.7,5.521
1641722400000,407.4,415.9,407.3,410.7,38.801
1641726000000,414.9,418.7,412.8,418.7,133.001
1641729600000,418.6,418.8,410.8,416.6,62.343
1641733200000,412.2,415.0,404.2,404.2,32.237
1641736800000,407.8,416.2,407.8,411.7,53.949
1641740400000,413.5,413.5,405.2,411.3,46.144
1641744000000,411.3,413.0,403.8,413.0,28.58
1641747600000,413.0,425.8,409.7,425.8,56.685
1641751200000,415.6,425.7,412.2,415.0,181.431
1641754800000,413.8,427.6,413.8,427.3,59.344
1641758400000,427.6,428.8,418.8,422.0,58.639
1641762000000,423.0,428.1,423.0,428.1,66.804
1641765600000,428.1,434.9,423.4,429.7,87.831
1641769200000,431.1,431.1,420.4,424.8,28.269
1641772800000,421.7,425.3,415.0,415.0,102.376
1641776400000,414.0,415.2,408.5,410.0,30.183
1641780000000,410.0,418.7,408.2,418.6,67.407
1641783600000,415.0,419.4,413.7,414.1,180.996
1641787200000,414.9,419.9,411.3,419.5,6.122
1641790800000,419.3,419.7,416.0,419.2,72.463
1641794400000,415.4,415.4,409.9,409.9,6.843
1641798000000,413.5,413.5,408.9,408.9,4.192
1641801600000,412.5,414.5,403.5,405.0,10.356
1641805200000,405.0,412.2,401.7,402.0,26.305
1641808800000,401.7,414.2,400.0,400.0,124.374
1641812400000,399.9,400.5,392.3,394.2,55.672
1641816000000,396.9,396.9,385.5,389.9,100.467
1641819600000,389.9,395.0,386.2,392.8,39.277
1641823200000,388.8,399.6,374.3,393.3,154.975
1641826800000,392.2,397.7,385.2,392.5,183.087
1641830400000,395.1,412.2,394.9,412.2,137.576
1641834000000,410.9,410.9,390.0,394.5,249.782
1641837600000,396.9,408.1,395.2,396.7,127.093
1641841200000,395.6,398.4,390.5,391.7,131.946
1641844800000,391.9,405.2,386.3,405.2,64.438
1641848400000,405.2,405.2,398.2,402.8,68.692
1641852000000,402.8,402.8,396.0,396.0,107.644
1641855600000,397.3,401.8,393.4,395.6,60.933
1641859200000,395.6,397.1,390.1,392.0,82.994
1641862800000,392.6,398.5,392.0,398.5,32.071
1641866400000,398.3,414.7,398.3,414.7,159.257
1641870000000,409.9,416.4,406.5,413.3,41.229
1641873600000,417.5,417.5,411.7,411.7,23.399
1641877200000,411.7,416.5,411.7,416.5,2.411
1641880800000,416.5,418.9,416.2,416.2,1.441
1641884400000,416.1,416.1,407.6,408.3,4.865
1641888000000,411.7,420.0,411.7,419.8,5.8
1641891600000,419.3,419.3,412.0,415.4,30.303
1641895200000,415.4,417.4,400.5,406.6,22.262
1641898800000,406.6,409.7,402.1,409.0,32.782
1641902400000,406.1,434.8,406.1,415.1,269.639
1641906000000,413.2,417.2,402.3,405.9,72.955
1641909600000,408.0,414.8,395.9,403.3,205.902
1641913200000,403.4,408.2,398.2,400.8,230.681
1641916800000,400.4,418.3,400.0,417.3,181.691
1641920400000,414.4,424.8,396.0,415.0,151.336
1641924000000,415.0,417.5,411.6,412.1,27.557
1641927600000,412.5,418.0,412.5,417.9,39.419
1641931200000,417.9,418.7,414.1,415.6,25.241
1641934800000,414.1,416.4,401.9,409.8,39.54
1641938400000,410.0,411.7,403.9,411.7,24.137
1641942000000,409.9,417.5,409.8,416.3,79.151
1641945600000,415.4,419.9,414.0,414.0,63.89
1641949200000,412.7,415.4,405.6,410.0,14.469
1641952800000,408.3,417.8,408.3,410.3,9.355
1641956400000,411.1,415.6,409.3,409.5,8.533
1641960000000,411.3,413.6,411.0,411.4,45.524
1641963600000,411.4,417.5,409.3,412.1,7.559
1641967200000,412.4,420.0,412.1,416.8,48.847
1641970800000,420.0,425.5,420.0,425.5,6.828
1641974400000,427.9,432.0,427.0,432.0,29.341
1641978000000,431.2,439.2,431.2,439.2,65.991
1641981600000,439.3,439.3,433.4,435.2,31.608
1641985200000,436.0,444.8,435.2,442.3,123.19
1641988800000,442.3,445.0,436.5,437.0,111.978
1641992400000,437.0,448.1,434.2,446.1,102.961
1641996000000,444.0,447.6,439.5,442.2,244.967
1641999600000,441.8,445.2,438.0,442.9,118.586
1642003200000,442.9,445.0,436.2,443.0,102.54
1642006800000,440.3,444.1,440.1,442.2,67.449
1642010400000,443.4,443.4,438.3,440.5,48.655
1642014000000,440.9,441.2,434.7,436.8,59.321
1642017600000,439.9,445.0,436.9,444.3,48.303
1642021200000,443.3,448.8,442.1,447.4,31.44
1642024800000,447.7,455.0,447.7,451.7,84.477
1642028400000,452.2,463.1,452.2,460.7,75.859
1642032000000,458.2,459.3,448.0,448.0,105.038
1642035600000,449.7,454.1,445.3,445.3,92.403
1642039200000,445.3,453.8,444.1,447.9,14.662
1642042800000,453.5,453.5,445.1,449.3,33.977
1642046400000,453.1,455.7,452.6,454.7,8.205
1642050000000,454.7,454.9,448.1,452.6,10.657
1642053600000,454.9,457.9,448.1,457.9,9.753
1642057200000,460.0,464.2,457.0,462.6,196.858
1642060800000,461.6,464.9,458.4,460.0,9.561
1642064400000,460.0,461.6,454.3,459.3,43.492
1642068000000,457.5,468.9,457.5,457.5,19.101
1642071600000,459.0,459.0,454.8,455.5,22.401
1642075200000,455.5,458.9,455.5,455.5,59.612
1642078800000,453.9,462.0,453.9,462.0,152.881
1642082400000,462.0,470.0,458.3,464.9,161.05
1642086000000,463.1,464.9,442.3,450.0,247.807
1642089600000,446.4,459.6,446.4,453.7,153.282
1642093200000,451.0,457.9,442.2,448.2,263.304
1642096800000,449.4,456.9,445.9,449.0,24.273
1642100400000,449.0,456.6,436.7,440.1,119.419
1642104000000,440.1,445.7,430.2,444.0,120.135
1642107600000,447.2,448.8,444.2,444.3,77.763
1642111200000,444.3,444.3,415.2,439.4,209.375
1642114800000,439.4,440.9,435.5,435.5,31.561
1642118400000,435.5,449.6,433.9,443.2,52.182
1642122000000,449.6,449.6,441.5,445.7,57.962
1642125600000,445.7,445.7,438.3,442.8,47.694
1642129200000,442.7,446.2,439.4,439.4,9.177
1642132800000,439.7,447.5,439.7,447.5,8.029
1642136400000,446.7,450.0,446.7,450.0,27.941
1642140000000,451.1,453.2,447.7,448.7,9.718
1642143600000,442.2,454.4,439.8,439.8,0.832
1642147200000,439.7,439.7,436.0,436.0,5.786
1642150800000,436.6,453.1,436.6,449.8,11.786
1642154400000,436.0,442.2,433.7,433.7,55.25
1642158000000,434.0,434.0,423.2,432.6,210.467
1642161600000,432.4,439.2,423.3,429.9,75.486
1642165200000,432.3,438.8,432.3,433.1,20.68
1642168800000,434.4,444.5,434.4,443.8,121.358
1642172400000,443.8,452.1,440.5,451.8,138.036
1642176000000,451.7,452.8,446.6,451.6,125.542
1642179600000,451.6,455.1,448.0,448.0,52.925
1642183200000,446.4,455.0,446.4,452.9,99.934
1642186800000,452.8,458.2,448.8,457.0,76.468
1642190400000,457.7,458.0,453.8,458.0,72.781
1642194000000,458.0,461.8,456.9,459.8,64.733
1642197600000,462.7,463.0,456.6,457.1,51.857
1642201200000,456.6,457.3,451.9,455.5,119.623
1642204800000,455.5,489.6,450.0,489.6,176.026
1642208400000,452.1,457.7,450.0,450.9,69.111
1642212000000,450.9,452.9,448.2,452.9,42.334
1642215600000,451.3,453.6,451.0,451.9,2.672
1642219200000,451.2,459.9,448.7,453.0,29.272
1642222800000,452.6,453.9,450.0,453.9,2.658
1642226400000,453.2,453.3,453.2,453.2,4.459
1642230000000,458.5,460.0,458.5,460.0,1.808
1642233600000,460.8,460.8,455.0,455.0,3.192
1642237200000,455.0,459.7,448.1,449.6,6.987
1642240800000,458.8,461.3,452.6,456.9,23.433
1642244400000,456.9,460.9,456.7,457.3,7.325
1642248000000,460.4,462.5,453.5,455.4,49.928
1642251600000,456.7,471.1,455.2,471.1,40.839
1642255200000,471.1,477.1,466.3,474.7,95.99
1642258800000,474.7,477.8,472.4,475.8,41.117
1642262400000,475.8,478.9,472.5,475.4,16.768
1642266000000,476.0,478.2,470.5,478.2,118.708
1642269600000,478.0,478.8,475.7,476.6,31.903
1642273200000,478.8,484.9,478.5,484.9,26.032
1642276800000,484.9,487.0,480.0,482.9,67.901
1642280400000,482.1,486.7,482.0,486.4,118.53
1642284000000,487.6,490.7,483.5,483.5,81.347
1642287600000,483.6,490.0,483.4,487.4,78.576
1642291200000,487.3,489.5,482.2,482.2,36.579
1642294800000,483.3,484.5,478.4,483.8,71.158
1642298400000,480.4,483.7,476.0,477.8,56.933
1642302000000,476.8,483.8,476.8,480.4,18.333
1642305600000,482.2,485.9,482.0,482.3,7.991
1642309200000,482.3,482.3,475.0,475.0,6.926
1642312800000,475.0,483.8,470.6,477.1,8.154
1642316400000,475.3,475.3,475.3,475.3,4.19
1642320000000,483.8,483.8,479.2,480.0,0.144
1642323600000,479.2,486.0,479.2,485.3,36.048
1642327200000,483.1,484.7,479.2,479.2,85.644
1642330800000,478.4,485.3,477.5,481.9,76.818
1642334400000,486.8,486.8,480.1,483.3,10.476
1642338000000,482.5,485.9,477.2,484.8,17.17
1642341600000,484.8,485.6,479.6,483.1,51.638
1642345200000,481.5,482.1,479.5,479.6,12.467
1642348800000,481.5,481.5,475.4,479.2,61.415
1642352400000,478.8,482.3,476.5,477.2,41.443
1642356000000,476.5,481.5,476.5,481.5,7.717
1642359600000,481.0,482.1,475.4,475.5,13.319
1642363200000,477.1,480.9,472.1,474.8,85.124
1642366800000,474.8,479.4,473.3,474.2,7.783
1642370400000,480.6,485.0,475.9,485.0,211.563
1642374000000,485.0,487.6,483.8,483.8,19.883
1642377600000,487.0,487.5,480.2,480.5,103.504
1642381200000,480.1,487.0,477.3,477.3,35.723
1642384800000,484.9,485.0,479.0,479.0,14.173
1642388400000,484.9,484.9,470.0,470.0,59.579
1642392000000,466.4,470.9,466.0,466.0,14.572
1642395600000,462.2,467.8,461.5,462.0,51.124
1642399200000,473.7,473.7,463.4,463.4,0.933
1642402800000,471.4,471.4,464.6,466.3,1.53
1642406400000,464.0,472.4,461.5,463.1,7.858
1642410000000,463.1,463.1,458.5,458.5,5.742
1642413600000,464.9,464.9,450.1,454.3,130.648
1642417200000,454.3,455.8,449.6,452.3,87.431
1642420800000,452.2,455.8,447.0,449.4,25.998
1642424400000,449.4,455.9,447.0,451.1,36.382
1642428000000,454.6,457.2,451.6,453.5,88.118
1642431600000,453.7,453.8,449.5,450.5,154.931
1642435200000,450.4,450.4,437.7,440.3,102.123
1642438800000,440.3,449.9,438.8,440.0,280.64
1642442400000,440.3,446.0,435.1,442.4,52.054
1642446000000,442.4,447.5,440.5,447.5,92.866
1642449600000,444.9,447.4,439.0,439.3,119.006
1642453200000,439.3,439.7,426.6,427.0,118.542
1642456800000,426.9,437.6,421.1,432.7,162.527
1642460400000,431.8,433.7,428.1,430.2,36.947
1642464000000,432.5,433.9,425.3,433.9,252.353
1642467600000,434.0,438.7,430.9,432.3,80.376
1642471200000,433.4,437.0,429.7,432.1,83.728
1642474800000,433.5,433.5,426.3,429.6,62.766
1642478400000,429.6,434.2,425.0,425.3,11.57
1642482000000,425.3,432.7,425.1,426.4,1.026
1642485600000,433.0,433.0,433.0,433.0,0.173
1642489200000,433.0,433.0,428.2,428.2,9.557
1642492800000,428.6,428.6,415.4,415.4,86.986
1642496400000,415.2,429.0,414.0,423.0,46.602
1642500000000,421.0,428.5,414.1,423.0,91.059
1642503600000,422.8,423.0,417.2,420.4,60.586
1642507200000,421.7,424.3,419.3,422.5,94.405
1642510800000,420.2,424.7,415.4,424.6,283.323
1642514400000,424.6,424.6,418.6,422.7,76.085
1642518000000,422.7,431.8,420.9,428.5,163.489
1642521600000,431.0,437.7,428.5,437.5,151.401
1642525200000,437.5,439.5,433.5,433.5,60.354
1642528800000,433.5,437.8,431.8,437.8,40.389
1642532400000,437.8,444.8,437.7,442.9,69.3
1642536000000,440.5,441.6,433.3,439.5,42.129
1642539600000,441.3,452.1,437.1,448.8,433.666
1642543200000,449.7,457.6,444.9,455.5,73.242
1642546800000,454.1,455.7,450.2,452.2,54.744
1642550400000,453.4,455.8,445.0,448.2,269.694
1642554000000,448.4,453.0,445.2,447.9,38.697
1642557600000,448.2,448.6,445.9,448.6,21.37
1642561200000,448.6,450.1,436.9,439.0,30.963
1642564800000,443.1,443.1,437.2,440.0,57.027
1642568400000,440.0,441.9,433.5,436.1,33.429
1642572000000,437.8,439.5,431.2,431.2,2.186
1642575600000,431.0,431.0,425.0,427.7,15.773
1642579200000,425.2,437.8,425.2,437.8,29.27
1642582800000,437.7,450.3,437.7,444.3,53.711
1642586400000,444.1,444.1,438.7,439.0,59.034
1642590000000,440.6,450.0,440.6,446.6,50.363
1642593600000,448.4,450.8,444.1,444.1,68.755
1642597200000,444.1,446.8,440.0,442.7,43.209
1642600800000,443.1,446.5,438.7,444.9,40.437
1642604400000,446.6,448.5,438.3,440.0,28.927
1642608000000,443.1,443.1,432.0,440.2,32.792
1642611600000,440.5,445.0,438.7,438.8,42.376
1642615200000,438.9,442.9,437.0,442.9,52.879
1642618800000,442.9,442.9,438.7,439.3,43.985
1642622400000,442.7,442.8,438.6,438.8,93.631
1642626000000,441.4,449.7,441.0,444.3,80.491
1642629600000,444.3,450.3,444.3,450.3,114.04
1642633200000,447.8,450.1,445.3,445.9,36.07
1642636800000,446.0,450.0,433.0,440.7,90.622
1642640400000,440.7,444.4,435.3,436.1,31.142
1642644000000,439.5,449.9,435.4,446.1,135.667
1642647600000,449.8,449.8,443.1,445.1,3.363
1642651200000,448.4,448.5,444.1,445.9,3.994
1642654800000,445.9,450.3,444.1,450.3,9.963
1642658400000,450.3,453.7,449.8,449.9,31.943
1642662000000,451.0,454.0,451.0,451.5,1.499
1642665600000,452.0,455.8,452.0,455.8,31.407
1642669200000,455.8,457.0,449.9,457.0,23.315
1642672800000,455.0,464.7,451.0,453.6,31.004
1642676400000,454.9,456.1,449.6,453.4,66.911
1642680000000,452.9,454.8,446.0,447.3,12.796
1642683600000,448.9,454.6,444.1,451.2,12.936
1642687200000,451.2,462.0,451.2,462.0,107.44
1642690800000,461.2,463.0,455.7,457.1,111.957
1642694400000,457.1,457.7,454.2,456.6,61.345
1642698000000,458.0,459.8,456.0,456.1,21.457
1642701600000,456.1,456.1,451.3,451.3,37.196
1642705200000,451.0,454.0,450.0,453.8,166.295
1642708800000,453.8,459.7,452.6,456.8,40.254
1642712400000,456.8,457.1,431.8,431.8,161.252
1642716000000,430.8,436.3,422.5,429.6,139.454
1642719600000,429.6,429.6,418.1,425.9,42.22
1642723200000,423.9,442.4,422.5,433.6,56.892
1642726800000,433.6,437.3,416.0,416.0,64.671
1642730400000,416.4,431.8,416.4,429.8,100.739
1642734000000,429.8,430.5,412.0,417.0,144.805
1642737600000,418.0,432.7,417.8,431.4,111.162
1642741200000,424.2,436.3,422.9,436.3,37.128
1642744800000,436.4,436.4,424.0,428.2,32.379
1642748400000,423.4,428.8,422.3,428.8,7.737
1642752000000,436.5,436.5,429.1,429.7,13.696
1642755600000,436.2,436.2,425.9,427.9,28.998
1642759200000,427.0,429.4,423.6,428.7,8.999
1642762800000,426.8,428.8,377.2,418.9,270.9
1642766400000,416.7,419.6,398.3,407.7,146.766
1642770000000,407.7,416.0,400.0,404.6,127.0
1642773600000,404.4,404.4,390.7,395.7,214.673
1642777200000,394.7,407.5,391.2,403.1,213.95
1642780800000,407.4,409.7,396.1,399.1,165.663
1642784400000,400.6,400.6,389.2,391.3,96.539
1642788000000,392.7,396.6,387.2,389.6,76.031
1642791600000,387.6,392.7,380.0,380.0,57.007
1642795200000,380.3,383.0,369.4,375.0,243.906
1642798800000,375.0,377.6,341.1,361.4,353.597
1642802400000,358.3,364.7,342.3,351.6,251.15
1642806000000,358.0,362.2,343.6,356.9,115.527
1642809600000,356.9,362.1,348.8,356.0,575.772
1642813200000,355.0,363.7,351.7,361.2,73.887
1642816800000,364.0,364.8,357.1,360.2,111.184
1642820400000,361.9,364.8,351.9,357.6,33.926
1642824000000,355.0,357.6,349.0,352.5,97.901
1642827600000,350.0,357.5,333.0,333.0,137.342
1642831200000,341.3,359.4,319.4,322.6,239.159
1642834800000,325.2,325.2,305.9,310.2,149.401
1642838400000,310.2,324.1,300.0,316.9,155.146
1642842000000,316.4,323.1,301.6,310.5,237.741
1642845600000,309.0,358.6,297.8,338.5,760.445
1642849200000,338.6,341.8,322.7,329.0,429.935
1642852800000,332.1,355.3,331.0,353.5,254.934
1642856400000,353.2,361.6,350.0,352.7,154.214
1642860000000,352.7,354.2,309.0,343.4,593.377
1642863600000,345.0,349.6,330.3,332.1,665.437
1642867200000,332.7,359.2,328.1,341.2,349.149
1642870800000,342.6,346.8,335.4,342.6,106.914
1642874400000,340.6,343.9,330.9,334.0,140.131
1642878000000,333.8,348.2,333.8,340.2,237.303
1642881600000,340.2,357.3,337.0,353.2,395.024
1642885200000,355.1,360.9,347.0,358.8,150.097
1642888800000,357.5,360.9,324.4,344.0,314.476
1642892400000,343.9,351.0,340.6,344.8,61.148
1642896000000,348.1,372.7,348.1,371.3,402.325
1642899600000,371.3,375.8,365.0,365.3,103.47
1642903200000,365.0,366.5,356.0,356.1,94.06
1642906800000,356.7,365.1,350.5,365.1,141.621
1642910400000,363.7,369.7,361.6,366.6,72.383
1642914000000,366.5,376.6,361.6,373.7,79.668
1642917600000,373.6,377.9,370.8,377.3,20.564
1642921200000,378.8,383.3,377.1,381.0,135.899
1642924800000,378.1,384.8,375.8,379.7,190.183
1642928400000,378.8,385.3,378.0,378.1,136.848
1642932000000,376.6,381.7,375.0,377.9,55.671
1642935600000,378.6,380.3,370.8,376.0,74.049
1642939200000,377.6,378.8,372.0,377.3,206.704
1642942800000,377.3,383.3,375.3,380.9,35.746
1642946400000,381.4,384.1,364.6,371.3,79.892
1642950000000,372.1,377.3,369.1,372.8,82.338
1642953600000,374.3,378.0,369.1,369.1,33.538
1642957200000,371.3,374.4,369.1,373.7,21.444
1642960800000,372.5,372.5,360.0,362.0,117.475
1642964400000,363.7,363.9,357.0,359.0,61.549
1642968000000,360.9,368.2,358.8,364.6,200.494
1642971600000,364.2,370.9,363.1,366.7,21.344
1642975200000,366.7,368.2,364.8,367.9,101.448
1642978800000,368.8,389.3,366.3,384.8,155.45
1642982400000,384.8,384.8,373.7,378.7,89.856
1642986000000,378.7,380.4,371.3,372.1,119.975
1642989600000,372.1,372.1,364.6,366.8,53.295
1642993200000,364.6,368.2,364.6,368.2,26.063
1642996800000,368.2,368.2,361.0,361.2,85.51
1643000400000,360.2,361.8,355.8,355.8,39.291
1643004000000,360.8,363.7,360.3,360.3,5.676
1643007600000,360.2,360.2,344.5,347.5,62.668
1643011200000,347.5,363.7,346.0,351.7,30.209
1643014800000,355.6,355.6,339.7,343.5,86.242
1643018400000,338.0,343.3,330.0,330.5,78.66
1643022000000,337.4,354.6,336.3,345.6,152.567
1643025600000,345.6,345.6,329.0,332.1,210.942
1643029200000,332.1,344.0,329.1,335.4,138.338
1643032800000,335.4,359.5,331.9,351.7,238.702
1643036400000,350.8,368.2,342.2,364.2,397.301
1643040000000,364.1,383.0,347.3,361.2,322.06
1643043600000,361.8,376.8,354.3,374.3,92.005
1643047200000,374.3,380.2,366.1,366.9,190.426
1643050800000,366.9,368.5,357.9,365.3,273.495
1643054400000,365.3,383.0,363.1,378.0,430.147
1643058000000,377.0,378.5,370.0,375.2,232.566
1643061600000,374.0,374.0,361.6,363.1,86.883
1643065200000,363.1,369.6,361.4,366.0,25.178
1643068800000,365.0,366.6,350.8,351.0,127.634
1643072400000,352.3,360.3,349.1,350.5,156.338
1643076000000,350.5,356.7,349.1,356.4,105.545
1643079600000,354.3,360.7,352.6,360.7,75.499
1643083200000,358.8,358.8,352.0,352.0,9.038
1643086800000,354.1,358.6,352.6,357.0,7.475
1643090400000,359.5,359.5,354.3,354.3,15.951
1643094000000,353.4,358.6,353.4,358.6,3.289
1643097600000,359.5,366.5,359.5,359.6,16.384
1643101200000,359.6,367.6,359.6,365.2,453.411
1643104800000,363.2,373.1,362.4,368.2,76.23
1643108400000,367.2,369.8,361.6,366.7,35.825
1643112000000,367.5,370.3,360.2,364.1,85.365
1643115600000,365.8,365.8,352.6,353.4,170.18
1643119200000,354.9,362.3,350.8,350.8,82.827
1643122800000,353.2,359.4,348.0,353.0,165.711
1643126400000,354.9,358.6,352.6,355.4,131.519
1643130000000,357.1,365.2,356.1,362.2,304.119
1643133600000,360.6,367.6,358.9,366.5,86.971
1643137200000,365.0,367.6,356.0,360.1,198.49
1643140800000,358.8,358.8,350.2,352.4,110.664
1643144400000,353.2,353.2,341.3,342.5,122.364
1643148000000,343.7,350.5,341.2,347.9,391.371
1643151600000,345.6,349.7,345.6,347.0,51.948
1643155200000,345.5,350.5,343.9,344.8,71.069
1643158800000,346.2,348.7,340.0,343.1,34.752
1643162400000,343.1,343.5,333.8,335.0,197.864
1643166000000,336.0,342.8,335.9,339.7,101.916
1643169600000,339.7,348.8,338.1,348.8,151.025
1643173200000,347.3,348.0,343.1,346.3,20.139
1643176800000,346.3,349.7,343.9,343.9,38.026
1643180400000,343.1,346.3,342.2,346.1,6.252
1643184000000,346.1,350.4,346.1,349.7,356.156
1643187600000,348.2,352.1,347.4,348.2,49.611
1643191200000,347.3,353.1,346.5,350.6,107.485
1643194800000,352.3,357.4,349.1,357.4,70.63
1643198400000,356.4,357.4,348.2,348.2,119.421
1643202000000,348.2,360.5,345.7,355.8,73.063
1643205600000,356.0,363.1,352.8,355.2,523.352
1643209200000,355.2,359.5,346.5,347.1,326.425
1643212800000,349.4,358.5,349.1,354.0,89.705
1643216400000,354.0,355.7,342.2,342.3,158.031
1643220000000,342.2,342.2,331.9,337.8,288.364
1643223600000,338.3,362.0,318.2,345.7,1171.869
1643227200000,343.1,343.8,331.3,338.6,230.084
1643230800000,339.3,339.3,318.0,320.0,193.461
1643234400000,318.4,325.6,318.0,323.3,93.731
1643238000000,325.3,330.3,321.6,323.4,120.418
1643241600000,321.6,327.7,321.6,326.2,86.156
1643245200000,325.2,326.2,308.0,309.5,292.149
1643248800000,308.0,311.8,304.5,311.8,89.786
1643252400000,311.9,312.8,305.6,309.5,31.887
1643256000000,309.5,315.0,307.5,314.9,18.0
1643259600000,315.1,315.9,311.4,313.5,18.875
1643263200000,313.5,316.7,311.4,316.7,7.035
1643266800000,317.4,323.0,316.1,319.2,12.334
1643270400000,318.8,327.0,317.6,327.0,10.518
1643274000000,325.6,332.4,325.0,327.2,69.04
1643277600000,327.2,331.1,325.7,327.8,26.191
1643281200000,328.6,334.4,328.6,332.7,116.143
1643284800000,334.1,335.3,326.0,328.0,32.76
1643288400000,326.4,331.4,326.4,327.2,363.715
1643292000000,327.1,333.6,325.0,327.2,359.387
1643295600000,326.4,330.3,322.5,326.1,96.08
1643299200000,326.2,327.6,322.4,325.7,28.84
1643302800000,325.7,327.8,315.4,317.6,83.601
1643306400000,317.5,317.6,310.0,313.5,169.003
1643310000000,314.2,315.1,302.0,302.2,229.824
1643313600000,303.5,305.8,292.9,292.9,262.88
1643317200000,294.3,299.1,286.9,289.2,288.716
1643320800000,288.4,294.8,277.7,289.4,297.903
1643324400000,289.5,298.9,288.0,295.1,563.527
1643328000000,295.1,301.3,291.0,295.0,386.385
1643331600000,298.1,299.8,287.3,290.6,127.842
1643335200000,287.4,294.8,285.0,294.0,53.513
1643338800000,294.0,304.9,293.0,299.8,226.508
1643342400000,299.8,302.0,292.0,295.5,138.138
1643346000000,292.0,298.8,290.8,296.5,5.089
1643349600000,296.5,297.0,290.8,290.8,54.293
1643353200000,289.0,289.0,288.9,288.9,3.151
1643356800000,288.9,288.9,281.8,283.6,163.093
1643360400000,283.7,284.0,281.5,283.5,50.413
1643364000000,282.7,283.3,278.0,283.0,68.242
1643367600000,283.0,283.7,265.3,274.0,195.445
1643371200000,273.3,274.2,258.9,262.7,253.807
1643374800000,264.1,273.8,258.8,268.8,449.002
1643378400000,269.4,271.5,261.8,264.6,256.624
1643382000000,264.6,274.9,262.1,272.7,462.54
1643385600000,272.7,281.0,270.4,276.3,407.763
1643389200000,274.7,274.7,261.0,264.1,242.651
1643392800000,263.6,269.8,260.0,269.8,711.072
1643396400000,267.0,270.0,261.5,267.0,573.08
1643400000000,267.0,275.6,263.1,270.1,424.656
1643403600000,273.7,281.0,271.9,275.8,998.595
1643407200000,275.8,276.7,258.5,268.3,979.214
1643410800000,271.0,275.0,269.0,273.0,57.407
1643414400000,273.0,283.0,270.8,277.0,389.991
1643418000000,277.1,283.9,273.0,277.1,307.642
1643421600000,276.4,278.7,272.0,273.7,200.458
1643425200000,272.6,281.0,272.6,279.3,56.125
1643428800000,279.3,282.2,279.3,281.3,64.392
1643432400000,280.3,281.7,276.0,280.6,48.845
1643436000000,280.3,281.8,280.1,281.5,16.445
1643439600000,281.5,285.0,279.9,283.4,116.808
1643443200000,284.2,290.0,284.2,287.5,77.743
1643446800000,285.7,289.2,284.9,287.4,185.872
1643450400000,286.0,291.2,282.9,284.2,206.016
1643454000000,281.9,287.7,280.5,285.0,89.999
1643457600000,285.3,287.3,281.1,282.5,94.826
1643461200000,282.5,289.5,281.3,288.7,179.095
1643464800000,289.5,289.5,278.9,278.9,293.995
1643468400000,278.9,283.1,274.6,278.9,282.536
1643472000000,278.8,279.1,275.3,278.6,182.236
1643475600000,278.6,280.8,276.9,278.4,160.931
1643479200000,277.4,282.4,277.4,280.0,170.663
1643482800000,280.0,282.1,277.4,277.4,74.867
1643486400000,277.7,283.5,275.6,282.2,312.438
1643490000000,283.2,284.6,280.2,280.7,109.254
1643493600000,280.4,280.8,277.0,277.0,120.013
1643497200000,277.0,277.7,273.3,275.0,157.596
1643500800000,275.9,278.4,269.0,274.6,188.544
1643504400000,274.6,276.7,273.5,274.9,99.96
1643508000000,275.1,275.1,268.2,269.2,208.613
1643511600000,271.2,272.2,269.9,269.9,59.462
1643515200000,270.0,274.5,269.9,274.2,14.134
1643518800000,273.8,276.2,273.2,273.8,33.809
1643522400000,272.6,276.0,270.4,276.0,24.357
1643526000000,275.8,278.7,274.0,277.1,136.435
1643529600000,277.2,278.3,271.2,272.8,15.276
1643533200000,272.8,272.8,269.8,271.1,75.974
1643536800000,269.8,273.7,269.0,272.2,58.62
1643540400000,272.5,276.1,270.1,272.1,84.92
1643544000000,272.1,273.3,265.2,267.0,218.162
1643547600000,267.0,267.7,263.0,266.7,326.943
1643551200000,266.6,268.1,263.9,267.8,107.789
1643554800000,270.0,270.0,264.5,266.1,198.393
1643558400000,266.1,268.2,265.5,268.1,362.898
1643562000000,266.1,268.5,265.1,267.4,102.998
1643565600000,267.7,267.9,262.4,262.6,115.933
1643569200000,263.9,263.9,253.3,254.9,870.624
1643572800000,255.3,259.1,252.6,255.2,193.76
1643576400000,255.1,255.1,247.7,250.6,254.378
1643580000000,250.0,254.2,248.2,252.7,354.147
1643583600000,252.8,256.8,251.0,251.1,64.635
1643587200000,252.9,252.9,242.0,242.6,205.653
1643590800000,243.9,244.5,239.9,241.6,363.665
1643594400000,245.0,245.5,240.7,241.5,84.529
1643598000000,242.5,243.4,239.2,239.8,56.917
1643601600000,240.1,240.9,236.2,237.1,109.108
1643605200000,237.7,243.5,236.2,243.5,62.939
1643608800000,243.7,243.7,241.0,241.0,5.027
1643612400000,241.0,242.6,241.0,242.6,26.089
1643616000000,242.7,249.7,242.7,249.7,49.232
1643619600000,245.8,250.0,243.9,249.9,38.634
1643623200000,249.8,252.8,248.1,251.6,122.522
1643626800000,251.4,252.6,245.7,251.5,195.433
1643630400000,251.6,254.4,246.3,253.8,281.618
1643634000000,253.8,256.3,251.3,255.4,128.149
1643637600000,256.2,279.6,256.2,268.0,315.483
1643641200000,270.1,272.0,265.0,267.1,833.344
1643644800000,265.8,278.8,265.8,271.3,795.043
1643648400000,277.9,277.9,270.3,273.7,313.838
1643652000000,273.6,276.6,270.6,271.5,272.535
1643655600000,274.4,275.9,271.3,274.9,230.788
1643659200000,274.9,274.9,271.3,273.9,142.232
1643662800000,273.3,273.3,268.0,270.2,116.23
1643666400000,271.5,277.7,270.3,273.0,160.837
1643670000000,273.2,280.2,272.7,278.3,508.713
1643673600000,278.3,279.2,272.7,274.4,489.474
1643677200000,274.9,281.9,274.2,278.6,207.915
1643680800000,278.6,280.2,275.9,279.3,133.48
1643684400000,279.3,288.0,277.8,284.8,146.342
1643688000000,286.7,288.9,283.6,285.1,126.798
1643691600000,285.2,287.5,283.0,283.0,83.233
1643695200000,281.4,282.1,279.8,279.8,94.571
1643698800000,280.9,287.6,280.9,282.5,18.869
1643702400000,282.5,283.8,281.0,281.7,29.277
1643706000000,282.0,282.7,274.7,275.5,183.055
1643709600000,275.5,281.5,273.3,276.3,104.756
1643713200000,277.7,280.3,276.3,280.3,77.411
1643716800000,280.1,280.3,275.1,277.3,127.4
1643720400000,276.5,278.0,275.0,277.2,300.405
1643724000000,275.6,280.8,275.0,275.4,352.968
1643727600000,275.4,276.9,274.0,276.5,60.123
1643731200000,276.9,280.3,275.3,280.3,191.133
1643734800000,280.3,280.3,275.1,278.5,249.382
1643738400000,278.4,278.4,275.0,275.1,379.74
1643742000000,275.1,276.0,269.0,270.3,179.36
1643745600000,271.8,278.0,271.8,273.5,198.389
1643749200000,275.1,276.1,273.5,275.3,112.843
1643752800000,275.3,275.7,272.5,273.7,77.987
1643756400000,275.1,277.3,274.1,276.6,137.375
1643760000000,277.5,278.7,274.0,276.5,418.784
1643763600000,277.5,279.5,276.0,279.3,229.431
1643767200000,279.5,282.7,278.9,278.9,146.018
1643770800000,279.9,280.1,275.7,276.5,24.767
1643774400000,276.5,276.5,273.3,276.0,48.277
1643778000000,274.5,276.3,274.5,276.1,1.451
1643781600000,274.6,276.2,272.0,272.0,44.901
1643785200000,274.1,275.1,273.5,275.1,3.553
1643788800000,275.1,276.2,275.1,276.2,7.069
1643792400000,276.2,278.4,276.2,278.4,32.203
1643796000000,277.5,279.9,276.3,278.9,84.894
1643799600000,279.7,281.5,278.9,281.5,77.695
1643803200000,280.2,283.0,279.3,281.8,129.194
1643806800000,282.0,282.9,278.1,279.6,41.95
1643810400000,280.5,281.1,272.5,272.9,142.598
1643814000000,273.9,275.1,266.1,266.1,173.259
1643817600000,266.1,266.1,260.4,264.8,329.956
1643821200000,264.8,266.6,263.0,263.1,118.668
1643824800000,264.5,265.9,264.1,265.9,57.195
1643828400000,265.9,271.2,265.8,269.3,128.576
1643832000000,269.4,269.4,262.5,265.4,91.56
1643835600000,265.2,265.2,252.6,257.8,574.151
1643839200000,257.3,259.3,254.0,257.0,85.365
1643842800000,255.9,259.5,251.5,253.1,122.574
1643846400000,253.1,257.9,253.1,256.8,149.703
1643850000000,255.7,257.1,251.3,251.3,51.292
1643853600000,251.3,253.8,248.2,253.8,134.458
1643857200000,254.3,257.5,253.5,256.7,88.292
1643860800000,258.0,258.9,254.8,257.2,40.419
1643864400000,255.7,258.0,255.0,257.2,10.018
1643868000000,257.2,258.1,255.3,255.3,4.507
1643871600000,255.3,258.2,254.5,257.2,9.189
1643875200000,258.7,260.0,258.4,258.4,59.853
1643878800000,261.5,262.4,254.1,254.1,38.436
1643882400000,255.0,255.0,248.4,251.5,164.212
1643886000000,252.5,256.2,248.3,254.0,36.451
1643889600000,256.8,256.8,251.7,256.7,203.821
1643893200000,256.0,263.5,256.0,263.5,139.127
1643896800000,263.9,265.6,257.4,262.0,145.922
1643900400000,261.1,267.6,259.5,265.0,507.097
1643904000000,265.6,266.6,260.3,260.3,177.394
1643907600000,260.3,264.5,258.2,263.4,126.733
1643911200000,261.0,262.4,260.4,260.5,64.895
1643914800000,261.8,261.8,257.1,260.0,97.795
1643918400000,259.2,261.0,257.4,259.9,90.302
1643922000000,259.9,271.9,259.9,271.8,393.634
1643925600000,269.3,274.1,268.3,269.2,170.826
1643929200000,268.8,274.1,268.3,272.5,221.943
1643932800000,271.9,274.1,266.4,273.8,274.28
1643936400000,273.5,276.3,269.9,271.6,266.913
1643940000000,270.4,271.8,268.5,268.5,363.062
1643943600000,269.0,270.6,268.5,270.3,15.213
1643947200000,270.6,270.6,267.6,269.6,59.449
1643950800000,269.6,273.4,269.2,272.3,20.612
1643954400000,273.0,276.3,272.9,275.1,151.518
1643958000000,276.2,276.2,272.4,274.0,8.752
1643961600000,274.0,274.1,271.0,271.1,67.28
1643965200000,273.0,273.0,271.9,272.7,47.329
1643968800000,273.9,274.1,268.3,270.1,111.328
1643972400000,270.1,272.9,269.2,271.8,11.943
1643976000000,271.1,272.4,269.1,269.4,82.336
1643979600000,271.7,273.0,264.0,264.0,170.772
1643983200000,264.0,272.7,264.0,267.4,137.886
1643986800000,266.8,278.4,266.3,274.9,392.43
1643990400000,274.9,287.3,274.9,283.4,813.94
1643994000000,283.4,284.8,278.4,278.8,257.775
1643997600000,278.9,279.8,273.6,276.0,201.019
1644001200000,276.1,278.8,273.6,277.0,864.099
1644004800000,278.5,280.0,275.3,276.9,194.749
1644008400000,276.9,279.4,275.4,279.0,146.016
1644012000000,279.4,280.2,276.9,280.2,529.298
1644015600000,280.2,289.5,280.2,289.5,225.405
1644019200000,289.2,293.7,285.7,290.2,303.535
1644022800000,290.2,296.4,287.0,296.4,423.305
1644026400000,296.0,300.9,295.0,299.5,264.925
1644030000000,301.0,306.5,300.5,304.6,298.381
1644033600000,306.1,309.5,303.8,305.9,223.085
1644037200000,306.0,309.1,304.4,309.1,151.461
1644040800000,307.8,309.6,306.4,308.9,131.788
1644044400000,306.5,307.1,302.9,302.9,49.975
1644048000000,304.6,304.7,300.9,301.0,89.055
1644051600000,301.0,306.0,301.0,304.7,116.739
1644055200000,305.8,307.1,303.6,305.1,89.262
1644058800000,305.1,306.6,302.0,304.1,102.899
1644062400000,304.2,306.8,300.8,303.7,132.922
1644066000000,303.1,305.3,302.4,304.4,245.698
1644069600000,304.2,306.0,302.5,304.5,127.189
1644073200000,304.0,312.9,302.5,309.9,165.977
1644076800000,308.6,308.6,293.0,294.0,369.713
1644080400000,294.2,300.9,291.6,297.0,197.839
1644084000000,299.4,300.8,295.0,297.5,85.696
1644087600000,298.6,298.6,292.5,298.3,143.611
1644091200000,298.0,298.7,295.2,298.7,131.944
1644094800000,298.5,299.4,294.8,295.8,72.005
1644098400000,295.8,298.7,295.8,298.1,129.808
1644102000000,298.4,300.9,295.1,297.0,145.001
1644105600000,298.7,300.2,297.0,300.2,128.111
1644109200000,300.2,312.0,300.0,307.9,184.708
1644112800000,307.9,307.9,300.1,300.5,199.732
1644116400000,300.6,303.0,300.0,300.0,75.43
1644120000000,300.0,302.0,295.0,302.0,309.098
1644123600000,301.6,303.8,299.3,301.7,97.637
1644127200000,303.4,303.4,298.1,298.1,149.191
1644130800000,299.8,301.2,299.2,300.2,17.34
1644134400000,299.3,300.8,298.2,298.2,24.472
1644138000000,298.2,298.7,296.4,298.5,61.721
1644141600000,298.8,299.8,296.0,297.7,230.443
1644145200000,296.3,297.7,296.0,297.7,61.155
1644148800000,297.0,298.3,292.5,294.1,238.668
1644152400000,295.2,302.6,293.0,294.8,176.043
1644156000000,295.2,297.6,286.7,287.1,238.453
1644159600000,288.2,291.8,285.1,290.0,225.288
1644163200000,289.9,295.2,289.0,291.0,60.395
1644166800000,291.1,295.6,291.1,292.8,299.081
1644170400000,294.4,294.4,289.1,290.0,81.654
1644174000000,291.1,294.0,289.8,292.5,173.592
1644177600000,291.1,293.6,290.0,291.8,103.319
1644181200000,292.4,292.4,289.3,289.3,57.222
1644184800000,289.3,292.1,289.3,290.8,29.437
1644188400000,291.6,301.7,291.6,301.2,378.924
1644192000000,301.2,301.2,291.8,293.4,195.754
1644195600000,293.8,297.8,292.2,296.3,96.859
1644199200000,296.4,302.0,295.7,297.3,231.392
1644202800000,297.3,305.9,297.3,305.9,303.557
1644206400000,305.8,309.5,303.2,309.5,474.249
1644210000000,309.5,311.1,305.3,307.1,139.873
1644213600000,307.1,314.8,307.1,314.7,144.123
1644217200000,312.9,312.9,309.1,310.1,43.779
1644220800000,311.9,313.1,307.8,309.0,74.506
1644224400000,309.0,310.1,304.3,307.7,186.925
1644228000000,308.1,309.6,305.5,307.3,182.062
1644231600000,308.5,310.1,307.9,309.3,154.593
1644235200000,309.6,309.6,303.1,304.8,159.156
1644238800000,304.8,307.2,301.7,306.0,294.943
1644242400000,306.0,311.3,305.1,311.1,238.702
1644246000000,310.1,314.2,305.5,314.1,885.103
1644249600000,314.1,314.1,306.6,309.5,574.797
1644253200000,308.2,308.9,305.0,307.6,253.24
1644256800000,307.8,308.7,303.5,305.9,240.04
1644260400000,306.4,309.9,304.3,308.0,254.592
1644264000000,309.4,313.5,307.3,309.6,297.771
1644267600000,309.7,316.1,308.9,313.6,527.074
1644271200000,314.9,321.9,314.7,320.0,343.453
1644274800000,320.2,320.2,312.1,315.1,322.673
1644278400000,316.2,316.9,308.2,311.7,169.956
1644282000000,311.7,317.9,311.1,315.6,149.297
1644285600000,317.4,317.4,310.0,310.2,108.956
1644289200000,310.0,312.1,308.0,311.8,46.331
1644292800000,311.6,312.3,308.7,309.1,90.939
1644296400000,309.1,315.4,309.1,315.4,46.888
1644300000000,315.4,317.4,308.0,312.2,139.964
1644303600000,309.2,310.4,306.1,309.8,67.33
1644307200000,307.9,307.9,299.8,302.3,206.015
1644310800000,303.4,303.4,297.0,299.2,165.493
1644314400000,301.0,302.2,295.9,301.8,377.384
1644318000000,301.4,303.1,299.5,301.3,77.897
1644321600000,300.8,301.9,293.2,295.4,306.711
1644325200000,295.7,298.7,294.7,298.7,88.453
1644328800000,298.7,299.8,296.0,296.0,192.914
1644332400000,295.8,297.4,291.5,296.4,207.247
1644336000000,296.6,297.3,293.0,296.0,224.895
1644339600000,295.7,300.6,293.8,300.3,161.698
1644343200000,300.3,301.9,297.4,299.4,193.38
1644346800000,299.7,300.3,296.0,297.4,496.883
1644350400000,298.4,305.9,298.2,304.5,181.374
1644354000000,304.5,305.9,302.1,302.4,119.453
1644357600000,302.2,303.9,301.2,302.2,71.735
1644361200000,303.5,306.8,302.1,302.1,231.933
1644364800000,304.7,307.0,300.6,305.3,367.027
1644368400000,304.5,305.9,302.2,304.1,99.462
1644372000000,302.8,302.8,297.0,299.7,151.659
1644375600000,299.9,299.9,294.0,294.0,37.909
1644379200000,296.1,296.3,295.2,295.3,1.531
1644382800000,295.3,295.3,291.5,292.4,27.002
1644386400000,293.8,295.2,293.4,295.0,40.833
1644390000000,295.3,295.4,288.7,291.8,85.067
1644393600000,291.7,291.7,288.8,291.1,28.747
1644397200000,290.8,293.0,290.1,291.5,148.061
1644400800000,290.8,294.5,289.7,294.1,202.074
1644404400000,294.1,295.8,288.7,294.1,376.454
1644408000000,294.1,300.9,292.4,299.2,400.414
1644411600000,300.1,305.3,300.1,301.9,365.027
1644415200000,301.9,305.1,300.5,304.6,180.621
1644418800000,304.2,304.2,300.6,302.4,52.7
1644422400000,302.1,305.0,299.4,303.0,100.424
1644426000000,304.2,305.2,301.7,301.7,507.083
1644429600000,303.5,304.6,300.1,300.5,332.164
1644433200000,301.5,304.7,300.5,303.9,519.41
1644436800000,303.7,305.3,302.3,303.1,630.274
1644440400000,302.9,303.5,301.5,303.5,59.651
1644444000000,303.5,303.7,300.0,302.4,106.806
1644447600000,302.6,303.0,299.6,303.0,311.309
1644451200000,302.9,303.0,298.0,298.3,392.284
1644454800000,298.4,298.6,293.9,296.5,166.426
1644458400000,296.3,297.6,293.0,293.0,87.781
1644462000000,293.2,295.7,291.6,294.2,8.643
1644465600000,293.7,294.9,291.6,292.7,39.445
1644469200000,292.7,294.5,291.7,294.4,58.524
1644472800000,294.5,296.4,294.5,296.4,24.249
1644476400000,296.4,296.5,295.1,296.5,28.682
1644480000000,296.7,296.7,295.4,296.4,19.087
1644483600000,297.3,297.5,294.1,296.9,717.667
1644487200000,297.4,299.4,297.0,298.3,255.035
1644490800000,298.3,302.2,297.6,300.0,678.393
1644494400000,301.2,301.9,298.1,299.2,134.763
1644498000000,299.8,301.0,289.9,289.9,341.644
1644501600000,289.9,300.0,280.1,291.8,691.663
1644505200000,292.9,297.8,291.5,293.8,254.251
1644508800000,295.6,296.3,290.0,294.1,270.893
1644512400000,295.0,298.4,294.6,295.0,379.112
1644516000000,294.7,295.4,290.2,291.4,175.316
1644519600000,291.4,291.4,281.5,282.2,259.453
1644523200000,282.8,284.3,275.2,278.2,295.389
1644526800000,278.2,280.6,276.1,278.2,178.678
1644530400000,278.3,280.9,276.8,279.9,118.118
1644534000000,279.0,279.6,274.0,276.6,157.881
1644537600000,276.2,276.2,269.2,273.2,553.394
1644541200000,273.3,277.3,272.8,277.3,244.338
1644544800000,277.8,277.8,274.5,277.3,166.684
1644548400000,277.6,278.1,275.7,276.6,99.95
1644552000000,278.1,281.0,277.2,277.2,51.106
1644555600000,277.2,279.5,276.6,277.0,95.136
1644559200000,279.4,282.0,279.3,282.0,34.972
1644562800000,282.0,283.8,280.6,283.0,38.683
1644566400000,284.3,284.4,281.6,281.6,23.511
1644570000000,281.2,286.1,280.8,284.5,108.316
1644573600000,284.3,287.3,282.6,286.8,75.114
1644577200000,286.8,287.9,285.2,286.7,91.35
1644580800000,285.7,285.9,283.1,284.7,54.718
1644584400000,284.7,286.6,283.4,286.5,61.464
1644588000000,286.7,287.9,282.2,282.2,359.046
1644591600000,282.7,287.0,281.2,285.0,103.99
1644595200000,284.5,284.5,279.0,283.4,94.797
1644598800000,283.2,284.1,281.2,283.0,110.614
1644602400000,283.0,284.8,280.8,282.9,152.925
1644606000000,281.2,281.7,275.9,280.9,169.192
1644609600000,281.5,282.0,277.2,279.0,143.612
1644613200000,279.0,282.5,278.4,278.8,156.703
1644616800000,279.9,280.2,266.3,267.8,133.185
1644620400000,267.1,268.8,262.7,267.0,111.631
1644624000000,266.0,267.4,263.6,264.6,105.707
1644627600000,264.6,268.0,264.3,267.3,82.203
1644631200000,267.5,272.0,266.8,272.0,89.445
1644634800000,270.5,270.8,265.3,270.8,112.229
1644638400000,270.7,273.1,269.8,272.2,76.771
1644642000000,271.4,272.2,269.0,269.5,174.609
1644645600000,269.3,269.5,262.0,264.5,156.948
1644649200000,267.0,270.9,267.0,270.1,124.104
1644652800000,272.0,275.3,272.0,272.0,93.927
1644656400000,271.8,274.5,271.8,274.1,33.71
1644660000000,272.4,273.4,271.2,273.4,78.422
1644663600000,273.7,277.6,270.9,277.6,131.32
1644667200000,277.2,277.7,274.4,277.1,67.448
1644670800000,275.6,277.1,271.8,271.9,168.232
1644674400000,275.1,275.9,269.1,272.7,126.918
1644678000000,271.7,275.3,271.0,275.3,112.292
1644681600000,275.5,280.5,273.5,280.2,120.15
1644685200000,278.9,279.9,277.4,279.4,76.91
1644688800000,279.8,283.8,279.1,279.1,118.486
1644692400000,280.9,280.9,275.8,275.8,85.436
1644696000000,276.4,280.0,276.4,279.6,396.177
1644699600000,278.0,278.2,271.2,275.9,83.022
1644703200000,276.0,278.1,274.6,276.5,88.089
1644706800000,277.0,277.8,274.1,276.2,103.475
1644710400000,276.4,283.6,275.1,281.4,116.142
1644714000000,281.8,282.4,277.1,277.1,86.012
1644717600000,279.3,283.2,279.3,280.1,61.202
1644721200000,281.6,282.6,280.0,280.3,95.836
1644724800000,281.3,283.3,281.3,282.5,143.295
1644728400000,283.3,283.4,281.9,281.9,26.83
1644732000000,281.6,284.7,280.0,284.7,59.351
1644735600000,283.1,283.3,282.4,282.4,27.674
1644739200000,282.5,282.9,282.3,282.9,8.287
1644742800000,282.8,283.6,280.6,280.6,57.7
1644746400000,280.4,283.0,280.1,283.0,31.962
1644750000000,282.3,282.9,280.5,280.7,56.04
1644753600000,280.7,282.6,279.1,282.4,119.803
1644757200000,281.4,282.6,281.4,281.9,62.477
1644760800000,281.9,282.7,279.0,281.6,102.979
1644764400000,282.4,283.3,280.3,280.3,75.346
1644768000000,280.3,280.8,275.7,276.7,105.417
1644771600000,276.7,277.1,273.5,276.8,72.026
1644775200000,276.8,276.8,270.7,271.1,182.997
1644778800000,274.7,274.9,270.9,273.6,30.539
1644782400000,273.7,278.1,273.4,277.3,157.117
1644786000000,277.8,277.8,273.6,273.6,45.368
1644789600000,274.1,275.6,271.4,275.6,85.251
1644793200000,275.3,275.5,271.1,273.5,69.13
1644796800000,274.2,277.3,272.6,277.3,145.153
1644800400000,276.4,277.3,274.2,275.7,153.873
1644804000000,274.3,276.8,274.0,274.6,122.855
1644807600000,275.0,280.5,275.0,278.1,413.524
1644811200000,278.1,280.9,278.1,279.1,38.734
1644814800000,278.9,279.5,277.3,278.1,32.748
1644818400000,277.9,279.2,277.6,279.2,45.321
1644822000000,279.5,279.5,277.9,277.9,37.486
1644825600000,279.2,279.3,274.6,274.6,52.55
1644829200000,276.1,276.1,274.1,274.1,1.231
1644832800000,274.2,275.7,272.2,275.6,379.761
1644836400000,275.6,276.2,273.5,274.3,41.132
1644840000000,274.3,275.1,272.5,274.9,66.694
1644843600000,276.1,280.4,275.8,280.4,94.923
1644847200000,280.0,285.0,280.0,283.6,517.31
1644850800000,283.8,284.3,281.7,283.8,183.561
1644854400000,284.9,285.7,282.6,283.8,197.903
1644858000000,284.1,285.3,283.1,284.5,74.942
1644861600000,283.1,284.0,280.2,280.8,55.262
1644865200000,280.7,282.4,274.8,277.7,309.111
1644868800000,277.0,279.8,274.4,279.3,68.408
1644872400000,279.3,279.4,276.6,278.6,103.061
1644876000000,278.9,282.7,278.9,281.0,89.78
1644879600000,282.0,284.8,282.0,282.4,131.624
1644883200000,282.4,284.8,282.4,283.2,143.176
1644886800000,283.2,290.7,282.7,290.7,276.424
1644890400000,291.5,292.6,288.9,290.0,36.402
1644894000000,290.3,290.3,287.4,288.2,172.632
1644897600000,288.2,288.4,285.6,286.2,46.97
1644901200000,288.4,289.7,287.8,287.8,116.651
1644904800000,288.5,288.9,287.1,288.7,12.73
1644908400000,287.0,288.9,285.7,288.0,28.779
1644912000000,288.9,290.7,287.9,289.3,99.115
1644915600000,290.5,306.0,289.1,292.9,688.459
1644919200000,291.5,297.3,291.5,293.9,71.845
1644922800000,294.7,296.7,293.7,296.0,173.549
1644926400000,295.3,298.4,293.9,295.6,188.265
1644930000000,296.3,296.9,292.4,294.9,88.538
1644933600000,294.0,297.3,293.9,296.4,119.586
1644937200000,294.9,295.5,291.7,293.9,119.319
1644940800000,293.5,294.4,291.4,291.4,127.967
1644944400000,291.4,292.7,290.1,290.5,92.706
1644948000000,291.6,293.5,290.1,291.8,64.011
1644951600000,291.5,292.8,290.3,290.3,55.25
1644955200000,290.3,291.9,289.0,291.9,61.326
1644958800000,291.0,292.2,289.1,290.1,31.541
1644962400000,290.2,292.3,290.2,290.5,73.602
1644966000000,290.6,295.8,290.5,295.1,192.203
1644969600000,295.0,295.0,291.2,292.6,147.552
1644973200000,292.6,294.5,291.2,292.6,126.507
1644976800000,292.3,292.5,290.5,292.0,19.963
1644980400000,292.0,292.5,290.4,290.5,9.691
1644984000000,290.6,291.5,287.8,289.3,116.259
1644987600000,291.5,292.3,290.9,292.0,6.686
1644991200000,292.8,292.8,292.0,292.0,5.616
1644994800000,292.5,294.3,292.5,294.3,15.074
1644998400000,294.5,299.7,294.5,299.7,83.222
1645002000000,299.8,302.3,298.6,298.6,40.729
1645005600000,298.4,300.7,296.2,298.2,97.892
1645009200000,299.6,299.8,295.9,298.1,128.363
1645012800000,298.3,298.4,293.6,294.2,31.032
1645016400000,296.3,296.3,289.1,292.4,35.034
1645020000000,292.4,292.9,288.9,289.9,83.799
1645023600000,289.8,290.6,287.4,290.0,115.683
1645027200000,289.6,291.2,287.6,291.0,24.724
1645030800000,291.0,295.1,288.5,289.0,114.347
1645034400000,288.4,290.6,285.6,289.3,61.022
1645038000000,290.0,296.1,289.0,293.9,111.614
1645041600000,293.8,294.9,292.4,293.3,19.303
1645045200000,293.3,293.3,287.9,288.0,139.465
1645048800000,290.7,293.3,289.9,291.2,65.607
1645052400000,291.2,292.6,288.0,289.0,75.076
1645056000000,290.4,291.8,288.7,291.8,40.391
1645059600000,290.7,292.7,290.4,291.0,66.65
1645063200000,291.4,291.5,288.3,289.6,58.345
1645066800000,289.7,290.2,287.9,287.9,11.56
1645070400000,287.9,289.4,285.4,289.4,50.369
1645074000000,288.4,290.6,287.4,287.8,24.647
1645077600000,288.5,290.7,288.5,290.6,24.611
1645081200000,290.6,293.3,289.6,293.3,42.116
1645084800000,292.5,295.2,287.9,289.7,97.18
1645088400000,290.1,290.1,286.0,286.3,38.011
1645092000000,288.4,289.3,287.4,287.4,70.27
1645095600000,287.1,289.4,286.8,287.0,23.079
1645099200000,288.1,292.6,287.6,289.2,53.884
1645102800000,290.2,290.7,283.8,283.8,94.767
1645106400000,285.3,288.1,280.5,281.5,76.152
1645110000000,281.6,283.7,280.9,282.2,81.198
1645113600000,282.3,283.4,280.2,280.2,27.858
1645117200000,280.6,281.4,278.7,279.3,33.825
1645120800000,279.8,282.6,270.8,274.9,298.898
1645124400000,273.8,274.5,270.8,272.0,124.053
1645128000000,272.2,272.2,266.9,267.1,146.341
1645131600000,267.2,268.5,263.2,267.8,116.088
1645135200000,268.1,270.2,263.9,266.8,71.122
1645138800000,266.9,267.2,261.2,262.3,85.5
1645142400000,262.2,265.5,261.3,264.2,173.291
1645146000000,264.9,267.6,262.0,265.2,128.203
1645149600000,266.8,267.4,264.4,266.4,28.227
1645153200000,266.4,271.9,264.7,266.6,56.881
1645156800000,269.6,269.6,265.1,266.8,118.606
1645160400000,266.5,266.5,263.4,264.6,48.9
1645164000000,265.6,266.3,264.8,265.6,23.055
1645167600000,267.3,270.9,265.0,267.1,52.556
1645171200000,265.7,271.2,265.7,270.0,13.078
1645174800000,270.0,270.9,267.3,267.3,68.042
1645178400000,269.3,274.0,266.6,268.0,43.138
1645182000000,267.5,269.3,263.1,264.5,102.471
1645185600000,263.6,265.5,263.0,265.3,123.767
1645189200000,264.3,264.9,262.4,263.9,216.78
1645192800000,264.5,264.5,253.9,261.4,331.068
1645196400000,262.0,264.7,254.8,256.5,189.127
1645200000000,256.4,259.9,254.0,255.3,151.612
1645203600000,255.2,262.9,255.2,260.6,44.72
1645207200000,263.7,263.7,259.3,263.1,25.532
1645210800000,262.0,263.8,261.0,262.2,57.178
1645214400000,262.3,263.2,261.0,261.0,46.441
1645218000000,262.4,264.2,262.0,262.6,138.347
1645221600000,263.1,263.1,259.8,261.0,39.961
1645225200000,261.0,263.3,260.1,262.0,47.378
1645228800000,262.5,264.5,260.4,263.9,191.741
1645232400000,263.9,268.8,263.9,266.2,50.634
1645236000000,266.1,268.9,266.1,268.6,78.2
1645239600000,267.4,268.2,266.2,266.9,35.039
1645243200000,267.6,270.3,267.6,269.6,71.334
1645246800000,270.3,272.9,268.8,271.9,52.407
1645250400000,271.8,274.5,271.8,272.5,20.651
1645254000000,272.5,272.5,271.4,271.4,1.64
1645257600000,272.0,272.9,267.8,267.8,165.085
1645261200000,267.4,270.6,266.4,267.3,91.896
1645264800000,267.3,268.1,265.7,266.4,60.537
1645268400000,267.3,267.8,261.9,263.5,177.003
1645272000000,263.1,264.3,262.0,262.9,87.889
1645275600000,262.1,265.5,260.3,264.5,73.509
1645279200000,264.7,265.4,261.1,262.1,70.022
1645282800000,262.0,266.5,262.0,263.9,49.499
1645286400000,263.9,267.6,262.5,265.7,245.754
1645290000000,261.9,265.7,261.3,263.8,48.078
1645293600000,263.3,266.7,262.6,264.5,77.235
1645297200000,262.8,264.5,260.3,260.5,103.088
1645300800000,262.9,263.7,260.8,262.2,69.48
1645304400000,261.9,262.5,260.1,261.0,40.395
1645308000000,261.7,263.7,261.1,261.1,4.098
1645311600000,262.0,262.4,259.8,261.9,53.142
1645315200000,261.9,262.5,258.1,259.6,26.111
1645318800000,259.6,261.5,258.7,261.5,55.695
1645322400000,261.5,263.0,258.0,258.8,62.711
1645326000000,258.8,260.4,256.2,256.2,24.665
1645329600000,256.3,256.6,251.2,253.1,88.004
1645333200000,252.7,253.6,249.1,250.2,79.2
1645336800000,250.0,250.0,247.4,247.7,34.361
1645340400000,247.2,251.0,245.1,250.8,15.094
1645344000000,250.9,250.9,245.3,248.8,59.686
1645347600000,249.4,252.3,248.2,251.8,33.204
1645351200000,252.6,255.2,251.8,251.8,66.384
1645354800000,252.9,256.1,252.1,256.1,29.664
1645358400000,255.4,257.0,252.3,252.3,64.082
1645362000000,252.1,257.0,252.1,252.7,54.992
1645365600000,254.2,254.2,248.0,253.9,74.335
1645369200000,254.2,257.2,252.9,256.9,83.708
1645372800000,257.6,259.0,255.5,258.7,29.665
1645376400000,257.5,259.7,257.2,259.6,17.469
1645380000000,259.4,259.4,257.0,258.8,17.735
1645383600000,258.9,258.9,255.5,258.0,80.632
1645387200000,255.5,258.0,254.3,254.8,7.354
1645390800000,256.6,256.6,251.2,253.8,36.648
1645394400000,255.0,260.9,255.0,260.9,69.977
1645398000000,261.6,261.9,252.7,256.3,133.145
1645401600000,256.3,261.8,256.3,261.8,20.454
1645405200000,262.1,266.4,261.8,265.7,40.44
1645408800000,264.4,264.7,262.3,264.6,3.268
1645412400000,264.5,264.5,262.3,262.3,2.348
1645416000000,264.0,265.0,262.5,265.0,21.206
1645419600000,265.9,267.8,265.9,267.8,110.306
1645423200000,267.8,268.7,267.8,268.4,16.968
1645426800000,268.5,270.5,266.5,270.5,6.468
1645430400000,270.8,271.9,269.3,269.3,6.045
1645434000000,270.7,270.7,265.2,269.8,14.556
1645437600000,265.4,268.6,263.0,265.1,25.985
1645441200000,266.0,267.5,259.2,260.4,66.946
1645444800000,260.2,260.4,254.4,254.4,79.177
1645448400000,254.5,258.8,253.8,257.6,349.382
1645452000000,257.6,269.9,257.2,267.2,219.113
1645455600000,267.2,271.9,265.5,268.4,95.771
1645459200000,268.4,273.9,268.4,273.0,110.272
1645462800000,273.3,275.2,270.7,272.7,58.079
1645466400000,271.3,277.3,266.0,271.6,117.709
1645470000000,270.8,273.5,268.9,271.6,105.788
1645473600000,273.0,274.1,269.4,274.1,31.036
1645477200000,274.0,274.0,264.0,264.0,21.208
1645480800000,265.2,268.1,263.0,267.0,119.685
1645484400000,265.8,265.8,258.3,258.6,146.696
1645488000000,259.4,264.6,258.2,262.9,87.121
1645491600000,263.6,263.9,257.3,259.8,61.511
1645495200000,262.2,262.2,258.8,260.0,27.349
1645498800000,259.7,259.7,250.0,252.1,91.733
1645502400000,252.1,255.9,252.1,255.8,7.696
1645506000000,254.4,260.4,252.1,258.0,5.811
1645509600000,257.0,263.9,256.6,257.3,22.287
1645513200000,262.9,262.9,251.2,251.2,54.586
1645516800000,252.9,257.2,252.1,256.4,7.612
1645520400000,255.9,258.5,255.9,258.4,10.38
1645524000000,255.0,263.6,255.0,262.0,11.329
1645527600000,262.0,269.4,261.5,267.4,106.092
1645531200000,267.0,269.8,264.3,269.7,98.981
1645534800000,269.7,271.8,265.9,271.0,148.674
1645538400000,271.0,275.0,268.9,274.7,65.131
1645542000000,275.0,275.1,271.5,274.1,57.048
1645545600000,275.0,286.0,267.0,271.1,462.114
1645549200000,271.2,271.2,267.0,269.2,161.415
1645552800000,269.7,275.1,268.6,275.0,122.706
1645556400000,274.8,277.3,273.5,274.6,361.493
1645560000000,275.1,276.2,272.8,275.0,60.345
1645563600000,275.1,275.1,270.6,271.4,19.308
1645567200000,271.0,273.7,268.6,272.7,98.455
1645570800000,272.6,280.5,272.1,279.0,143.179
1645574400000,280.3,285.7,278.8,284.0,99.328
1645578000000,282.3,284.4,280.3,281.9,44.016
1645581600000,282.7,287.3,281.9,283.4,51.874
1645585200000,286.0,286.0,281.3,284.9,11.911
1645588800000,284.9,289.4,284.5,288.3,58.163
1645592400000,288.4,289.6,285.6,286.2,31.447
1645596000000,287.1,288.4,286.6,287.4,55.903
1645599600000,287.4,289.7,285.6,287.9,4.221
1645603200000,287.8,292.6,287.8,291.9,34.892
1645606800000,290.2,294.0,290.2,292.8,28.218
1645610400000,291.5,296.5,290.1,296.5,96.98
1645614000000,296.5,304.7,294.7,299.5,168.98
1645617600000,301.1,304.1,298.3,303.5,203.156
1645621200000,301.7,306.0,291.2,301.2,556.538
1645624800000,299.9,305.8,297.2,300.5,278.238
1645628400000,300.0,310.0,294.8,297.0,302.447
1645632000000,297.0,307.0,294.0,305.3,130.723
1645635600000,305.3,328.0,304.2,313.5,539.329
1645639200000,312.0,318.6,305.5,308.5,250.398
1645642800000,309.5,311.3,298.0,301.7,334.356
1645646400000,301.7,308.2,299.3,306.2,201.57
1645650000000,305.5,306.2,300.0,303.0,63.296
1645653600000,303.5,308.3,298.6,307.5,91.439
1645657200000,306.5,308.3,294.7,300.5,213.599
1645660800000,299.4,304.9,291.8,293.9,185.668
1645664400000,294.0,299.9,292.5,299.4,90.676
1645668000000,298.3,308.0,290.0,291.6,234.703
1645671600000,289.0,290.7,270.9,278.0,724.779
1645675200000,278.4,282.8,268.5,282.8,423.187
1645678800000,281.1,282.7,275.3,278.4,83.907
1645682400000,278.4,281.6,262.9,265.7,110.211
1645686000000,265.2,266.0,253.9,264.7,323.989
1645689600000,264.7,274.8,262.4,265.8,96.878
1645693200000,265.8,269.5,263.1,264.3,114.993
1645696800000,265.7,267.6,259.0,265.5,208.966
1645700400000,265.5,268.2,260.8,265.5,115.67
1645704000000,265.2,270.6,263.4,267.6,164.297
1645707600000,269.8,277.3,267.7,274.0,178.559
1645711200000,274.0,287.3,272.1,285.6,343.354
1645714800000,286.1,301.0,282.2,298.0,709.658
1645718400000,299.8,309.3,295.8,301.0,1026.247
1645722000000,301.7,301.7,292.4,297.5,164.634
1645725600000,297.5,316.1,297.5,311.0,580.008
1645729200000,311.7,324.0,310.0,321.4,523.414
1645732800000,321.9,332.9,303.9,323.0,929.127
1645736400000,323.8,329.0,319.5,329.0,284.549
1645740000000,329.0,335.9,319.6,324.0,611.869
1645743600000,325.3,340.1,320.0,336.3,547.173
1645747200000,335.9,343.2,331.1,331.4,480.202
1645750800000,333.9,338.1,332.7,335.1,191.692
1645754400000,335.7,350.8,334.8,346.1,627.82
1645758000000,346.1,349.0,341.0,348.8,335.073
1645761600000,348.6,348.6,343.1,345.2,119.153
1645765200000,345.2,345.2,336.2,339.4,197.231
1645768800000,341.4,346.1,337.8,346.1,69.446
1645772400000,345.0,349.1,345.0,345.8,47.336
1645776000000,345.6,345.6,339.2,342.5,126.965
1645779600000,340.8,342.5,330.5,338.5,163.319
1645783200000,338.5,338.5,333.5,334.6,91.673
1645786800000,334.3,341.5,327.9,340.7,328.702
1645790400000,341.3,347.8,339.9,344.8,504.943
1645794000000,346.4,348.7,338.1,338.1,320.504
1645797600000,337.8,343.4,335.5,337.1,468.406
1645801200000,336.5,347.6,335.2,346.7,407.538
1645804800000,345.8,357.2,343.1,356.3,456.682
1645808400000,354.2,361.2,351.2,357.3,501.819
1645812000000,358.6,362.0,354.0,357.0,557.292
1645815600000,357.5,368.6,355.9,357.6,681.718
1645819200000,357.6,359.8,350.0,358.7,361.092
1645822800000,357.5,362.6,357.1,361.0,191.109
1645826400000,361.0,378.0,360.8,375.9,1015.412
1645830000000,375.6,383.6,372.5,379.6,738.196
1645833600000,379.4,392.6,379.0,384.5,988.405
1645837200000,384.4,386.6,373.8,383.4,412.719
1645840800000,383.7,389.8,380.0,387.1,203.423
1645844400000,386.1,388.0,381.6,385.7,134.177
1645848000000,386.5,392.1,383.7,386.0,243.709
1645851600000,386.1,386.1,375.3,380.7,105.774
1645855200000,379.9,382.2,377.2,378.7,23.341
1645858800000,378.8,383.5,375.2,383.5,52.439
1645862400000,383.7,389.6,377.8,386.0,110.046
1645866000000,386.5,400.0,381.9,390.8,480.609
1645869600000,394.5,396.5,391.1,395.9,121.739
1645873200000,394.9,397.7,383.1,385.7,482.027
1645876800000,386.0,392.7,383.1,389.3,173.296
1645880400000,389.1,389.9,381.8,387.0,172.962
1645884000000,387.2,391.3,383.0,391.3,178.207
1645887600000,391.3,393.6,388.2,389.2,433.024
1645891200000,388.0,392.0,385.6,389.9,158.055
1645894800000,390.0,396.0,388.7,393.1,242.088
1645898400000,392.8,394.0,387.3,394.0,339.555
1645902000000,393.5,396.1,391.5,392.2,99.953
1645905600000,393.5,404.0,393.5,400.2,304.43
1645909200000,400.5,404.9,398.9,403.6,320.652
1645912800000,401.2,416.6,401.2,410.0,708.527
1645916400000,410.8,410.8,399.0,406.8,313.81
1645920000000,406.7,410.6,393.3,397.9,1323.847
1645923600000,396.1,397.7,385.9,389.2,237.761
1645927200000,388.3,394.7,388.1,392.3,416.82
1645930800000,392.3,394.5,381.0,384.7,267.447
1645934400000,385.1,388.1,379.0,382.3,135.556
1645938000000,382.3,389.8,378.2,387.2,166.446
1645941600000,387.1,394.2,387.1,389.9,938.849
1645945200000,390.4,403.0,390.4,394.5,154.619
1645948800000,394.1,397.0,389.6,395.4,55.238
1645952400000,396.1,400.6,394.0,399.6,117.052
1645956000000,399.9,407.1,397.0,405.2,99.55
1645959600000,402.5,409.5,400.8,402.1,349.709
1645963200000,402.4,408.5,398.5,401.8,173.197
1645966800000,403.5,403.5,389.3,396.2,286.436
1645970400000,396.2,397.0,387.9,389.3,168.514
1645974000000,390.2,399.4,388.1,397.0,104.055
1645977600000,397.0,404.3,393.9,401.5,96.33
1645981200000,399.3,401.1,395.2,395.2,84.687
1645984800000,397.0,404.3,394.0,399.5,120.999
1645988400000,399.2,399.3,375.0,381.7,238.99
1645992000000,382.0,391.6,379.1,386.4,1419.053
1645995600000,389.3,389.3,381.7,387.1,124.065
1645999200000,386.9,388.3,381.1,382.5,199.091
1646002800000,381.0,381.3,371.4,377.8,191.81
1646006400000,378.1,385.1,375.1,375.1,154.686
1646010000000,375.4,387.6,375.4,382.0,1037.298
1646013600000,382.1,385.2,372.9,373.0,311.458
1646017200000,372.7,375.0,368.4,370.4,431.273
1646020800000,373.4,374.6,367.3,372.0,71.771
1646024400000,372.0,372.7,369.7,371.0,83.935
1646028000000,371.9,377.8,367.0,377.8,20.075
1646031600000,378.0,383.9,377.6,383.0,28.642
1646035200000,383.0,388.4,381.7,385.4,96.489
1646038800000,387.0,389.9,383.0,383.0,92.982
1646042400000,385.4,387.8,383.0,386.9,141.785
1646046000000,386.9,390.0,383.2,387.2,213.047
1646049600000,387.3,396.2,384.7,393.1,230.583
1646053200000,393.1,398.0,388.1,388.3,179.703
1646056800000,388.1,412.7,388.1,410.7,554.251
1646060400000,410.7,439.8,406.4,429.5,1130.106
1646064000000,430.7,435.0,425.1,430.0,595.241
1646067600000,429.0,440.9,426.0,440.3,609.542
1646071200000,441.0,444.0,433.2,438.7,393.235
1646074800000,438.5,442.6,434.9,440.7,348.339
1646078400000,440.7,441.0,431.5,437.8,408.46
1646082000000,438.4,445.8,425.1,445.8,698.324
1646085600000,443.3,490.1,437.2,457.0,1080.295
1646089200000,460.9,472.9,458.5,472.0,696.924
1646092800000,471.9,475.8,460.0,463.6,535.433
1646096400000,461.3,462.5,454.0,457.1,637.798
1646100000000,454.8,458.8,451.4,455.9,419.681
1646103600000,456.0,457.0,451.0,451.7,184.173
1646107200000,453.4,462.4,451.3,460.2,159.719
1646110800000,460.2,460.2,448.2,451.8,117.588
1646114400000,453.7,455.5,450.0,455.3,149.055
1646118000000,455.5,459.1,455.5,459.1,61.088
1646121600000,460.9,462.1,453.2,453.2,89.778
1646125200000,454.0,467.9,453.9,463.8,241.982
1646128800000,461.9,486.0,456.4,485.3,966.246
1646132400000,485.0,488.2,470.1,473.5,688.461
1646136000000,473.8,480.4,471.6,477.4,576.319
1646139600000,478.6,482.2,460.0,470.4,649.351
1646143200000,470.6,490.0,455.3,456.5,965.484
1646146800000,456.6,459.9,443.1,447.6,1297.335
1646150400000,448.1,458.0,440.0,453.0,879.994
1646154000000,453.4,460.9,449.8,458.6,388.922
1646157600000,458.0,470.1,454.8,470.1,876.722
1646161200000,470.1,479.4,465.8,467.4,1004.244
1646164800000,468.4,474.8,468.4,472.7,584.518
1646168400000,474.6,475.0,456.1,461.0,429.593
1646172000000,458.9,468.3,458.8,461.9,387.94
1646175600000,461.2,466.5,454.7,461.9,345.008
1646179200000,461.9,469.9,453.0,467.4,564.485
1646182800000,469.5,479.3,464.6,472.3,589.065
1646186400000,473.6,475.9,468.5,475.9,308.687
1646190000000,476.1,485.0,475.3,483.3,472.704
1646193600000,480.9,498.0,479.0,480.1,724.25
1646197200000,477.4,481.8,472.0,478.8,224.443
1646200800000,475.2,478.0,469.5,471.3,161.347
1646204400000,472.3,487.6,472.3,483.8,248.508
1646208000000,484.1,487.6,477.1,482.6,164.792
1646211600000,481.9,484.6,479.0,483.7,130.023
1646215200000,483.7,485.2,479.8,480.6,161.295
1646218800000,479.7,483.4,475.2,477.8,204.707
1646222400000,478.0,483.7,474.2,476.1,402.209
1646226000000,476.0,477.9,462.2,477.4,862.172
1646229600000,477.4,493.0,476.3,491.8,1357.003
1646233200000,493.6,496.6,483.2,487.8,630.221
1646236800000,486.8,494.1,479.4,482.5,505.061
1646240400000,482.3,484.8,470.0,471.5,438.767
1646244000000,471.5,487.7,460.5,464.1,1000.868
1646247600000,462.3,468.2,433.4,461.9,606.67
1646251200000,461.9,463.9,456.9,459.7,435.971
1646254800000,460.3,475.2,458.5,474.2,502.869
1646258400000,474.2,477.7,466.5,470.1,393.928
1646262000000,469.2,477.1,466.1,473.8,503.871
1646265600000,473.2,477.5,465.0,474.1,627.873
1646269200000,474.1,479.4,468.4,477.1,303.24
1646272800000,475.2,476.1,469.5,476.1,207.788
1646276400000,475.6,480.2,467.7,480.2,419.503
1646280000000,480.1,481.5,469.6,471.3,127.304
1646283600000,473.8,475.8,471.3,471.3,98.932
1646287200000,471.4,475.3,467.6,474.8,62.041
1646290800000,475.9,478.0,475.2,475.2,82.46
1646294400000,476.5,476.8,472.1,473.0,37.955
1646298000000,473.2,473.9,469.6,472.0,193.544
1646301600000,473.3,480.5,471.9,477.1,557.99
1646305200000,478.2,488.0,477.0,479.4,405.329
1646308800000,478.1,480.9,473.3,476.8,164.727
1646312400000,474.4,476.7,471.7,476.1,391.617
1646316000000,476.4,476.8,470.0,474.7,225.117
1646319600000,473.8,475.8,445.7,458.7,791.056
1646323200000,458.7,465.0,449.1,451.8,692.011
1646326800000,450.4,452.7,440.4,450.3,579.264
1646330400000,447.9,459.6,440.4,446.0,394.067
1646334000000,445.0,453.2,443.9,447.1,850.635
1646337600000,448.9,454.0,442.2,445.4,235.36
1646341200000,446.4,453.8,444.0,453.8,351.088
1646344800000,453.9,472.5,453.9,458.0,271.721
1646348400000,458.0,463.1,456.0,458.1,212.732
1646352000000,457.9,459.1,442.3,446.1,476.413
1646355600000,444.0,457.3,439.2,456.9,399.163
1646359200000,457.0,467.5,456.9,463.8,505.679
1646362800000,464.7,473.8,458.3,472.3,564.368
1646366400000,473.3,473.9,463.9,468.7,303.305
1646370000000,470.3,472.3,465.8,465.8,94.948
1646373600000,470.4,473.2,464.6,468.1,154.808
1646377200000,467.1,470.1,465.8,465.9,79.733
1646380800000,470.0,470.4,461.6,467.9,199.574
1646384400000,466.9,469.9,461.0,461.0,197.478
1646388000000,461.0,467.1,459.0,463.3,273.65
1646391600000,463.0,463.4,458.7,460.9,182.307
1646395200000,460.9,462.8,455.0,457.0,213.969
1646398800000,457.1,466.7,455.9,459.7,374.291
1646402400000,458.6,466.0,455.0,466.0,767.492
1646406000000,466.0,467.0,457.9,459.0,552.279
1646409600000,458.0,465.1,456.2,463.4,282.597
1646413200000,463.5,469.0,461.1,463.8,393.851
1646416800000,463.8,465.8,458.1,460.6,257.817
1646420400000,460.6,460.6,445.3,446.6,410.129
1646424000000,445.6,459.1,441.9,455.3,584.356
1646427600000,456.0,456.0,432.4,433.1,1529.455
1646431200000,433.5,435.4,425.0,432.7,311.15
1646434800000,434.0,435.1,422.8,426.3,346.435
1646438400000,425.0,426.8,414.8,418.8,387.37
1646442000000,419.0,425.3,415.1,417.0,201.485
1646445600000,418.2,422.3,415.2,416.7,294.389
1646449200000,417.2,419.9,410.1,417.9,211.877
1646452800000,419.0,419.0,415.0,416.2,57.051
1646456400000,417.9,422.4,416.2,420.3,82.673
1646460000000,420.0,428.8,420.0,426.9,111.503
1646463600000,427.6,439.2,427.6,439.2,236.202
1646467200000,436.1,444.8,434.8,438.2,251.807
1646470800000,438.1,441.1,436.0,439.1,136.125
1646474400000,436.9,440.0,428.2,440.0,265.289
1646478000000,440.0,442.7,429.4,437.3,802.821
1646481600000,437.3,440.9,435.0,435.0,100.276
1646485200000,434.0,435.9,427.1,429.5,199.407
1646488800000,432.0,435.9,430.7,434.1,256.049
1646492400000,431.5,432.7,426.1,428.7,249.812
1646496000000,428.9,439.8,427.6,436.6,199.537
1646499600000,436.6,453.9,436.0,436.0,598.766
1646503200000,436.6,440.7,432.9,439.0,160.206
1646506800000,439.3,449.6,437.6,449.6,716.743
1646510400000,449.9,453.9,445.3,447.1,860.93
1646514000000,450.2,450.2,437.2,439.9,202.251
1646517600000,439.9,442.6,437.4,442.1,117.309
1646521200000,439.0,446.9,439.0,446.9,146.661
1646524800000,447.7,450.0,444.9,448.8,409.103
1646528400000,448.4,453.0,441.8,447.2,183.052
1646532000000,446.1,448.0,442.9,445.4,162.022
1646535600000,445.2,446.1,438.1,440.0,436.16
1646539200000,440.0,441.5,432.3,440.2,224.368
1646542800000,441.0,443.1,437.0,437.0,58.725
1646546400000,436.6,438.4,434.5,435.0,116.122
1646550000000,432.8,437.0,432.8,435.4,99.568
1646553600000,437.8,437.8,430.9,434.8,129.138
1646557200000,431.7,432.5,423.8,424.0,540.232
1646560800000,424.1,424.5,418.5,419.3,269.251
1646564400000,418.5,425.1,416.0,424.0,177.868
1646568000000,426.4,430.5,421.3,430.2,307.94
1646571600000,429.9,436.9,418.4,433.9,498.64
1646575200000,433.9,435.0,429.4,431.0,191.568
1646578800000,431.9,434.1,427.7,433.0,162.658
1646582400000,432.7,439.1,431.4,435.2,270.705
1646586000000,438.0,438.0,428.1,430.5,186.58
1646589600000,430.6,434.0,420.2,423.1,488.528
1646593200000,422.9,422.9,405.5,410.9,481.38
1646596800000,410.4,414.6,407.6,412.6,503.369
1646600400000,413.5,417.6,412.0,415.9,429.414
1646604000000,415.9,421.1,406.3,416.0,507.74
1646607600000,415.1,416.0,401.9,404.8,384.021
1646611200000,405.7,413.9,402.0,405.9,532.658
1646614800000,409.5,411.7,405.7,407.3,71.322
1646618400000,407.9,410.9,396.2,400.1,288.648
1646622000000,401.9,406.3,399.3,403.5,396.909
1646625600000,403.4,407.3,401.3,404.5,137.686
1646629200000,404.2,408.9,402.5,406.8,249.836
1646632800000,406.4,412.2,405.9,410.4,96.009
1646636400000,410.4,412.7,403.1,404.6,55.725
1646640000000,404.7,414.8,404.3,413.9,362.218
1646643600000,414.6,416.0,410.3,410.3,165.196
1646647200000,410.0,414.7,409.3,414.3,288.837
1646650800000,412.1,419.7,411.7,417.7,377.712
1646654400000,418.1,422.3,417.7,419.1,375.292
1646658000000,420.4,423.1,418.0,421.5,375.452
1646661600000,421.6,426.8,420.0,420.0,540.422
1646665200000,420.0,423.9,416.5,422.1,169.972
1646668800000,419.7,425.9,416.5,417.1,339.073
1646672400000,416.6,421.8,415.0,417.3,117.075
1646676000000,416.3,416.3,401.4,408.0,493.777
1646679600000,407.7,408.9,391.0,393.7,954.414
1646683200000,393.7,401.1,390.0,391.3,481.351
1646686800000,392.0,398.5,388.4,393.4,317.814
1646690400000,393.9,405.6,393.9,400.4,234.178
1646694000000,400.4,404.9,396.7,400.1,240.939
1646697600000,402.5,417.9,398.4,411.2,439.27
1646701200000,407.8,413.3,405.3,409.2,337.887
1646704800000,407.4,416.4,405.6,413.1,137.366
1646708400000,412.9,412.9,405.5,411.8,230.146
1646712000000,411.8,412.8,404.3,406.0,274.196
1646715600000,406.0,407.5,402.1,405.2,100.737
1646719200000,406.6,408.9,402.5,406.4,218.451
1646722800000,407.4,413.1,396.8,409.6,128.229
1646726400000,411.7,419.7,409.2,415.2,173.691
1646730000000,416.2,420.9,415.5,420.9,248.9
1646733600000,421.0,422.1,415.1,418.4,386.229
1646737200000,418.4,419.8,414.0,416.6,100.843
1646740800000,417.1,417.1,409.3,414.9,236.79
1646744400000,415.7,417.3,410.1,413.0,166.401
1646748000000,412.6,415.0,407.4,412.8,206.706
1646751600000,412.6,417.3,409.2,417.3,271.517
1646755200000,417.9,426.0,412.4,421.6,767.809
1646758800000,421.1,434.6,421.0,432.6,564.525
1646762400000,433.8,442.0,433.8,440.0,746.57
1646766000000,440.0,453.0,432.3,437.0,600.137
1646769600000,440.4,440.4,431.7,433.2,375.807
1646773200000,433.0,434.7,425.7,429.5,384.464
1646776800000,430.1,439.5,430.0,433.3,145.115
1646780400000,433.3,439.2,427.1,436.0,272.372
1646784000000,436.1,450.0,433.0,448.0,417.379
1646787600000,447.3,480.0,440.8,459.2,1193.794
1646791200000,460.1,465.7,456.3,464.8,514.843
1646794800000,464.6,479.9,464.6,476.8,736.519
1646798400000,476.4,477.8,471.1,475.7,363.042
1646802000000,473.1,476.2,471.0,474.7,253.119
1646805600000,474.7,491.3,471.3,485.5,564.495
1646809200000,486.1,501.0,484.2,495.5,714.587
1646812800000,495.1,498.9,489.0,492.7,538.87
1646816400000,490.8,497.3,483.1,491.2,1311.325
1646820000000,491.2,499.9,484.1,498.8,330.138
1646823600000,499.4,503.2,493.4,495.9,608.978
1646827200000,496.0,508.0,492.8,493.4,731.96
1646830800000,493.1,496.6,487.3,494.0,526.336
1646834400000,493.6,499.5,490.1,493.6,358.164
1646838000000,494.7,513.0,493.6,506.8,1729.038
1646841600000,507.6,526.9,506.0,516.0,1018.827
1646845200000,517.5,523.7,513.1,519.7,814.44
1646848800000,519.7,519.7,497.4,501.2,1062.545
1646852400000,501.0,514.8,497.7,508.6,1063.701
1646856000000,508.9,509.1,495.2,499.4,756.781
1646859600000,501.2,503.1,495.4,497.2,267.057
1646863200000,498.6,506.6,495.5,499.0,769.518
1646866800000,498.4,503.0,497.4,499.7,411.185
1646870400000,502.5,502.5,488.0,494.5,442.339
1646874000000,494.9,501.8,482.3,488.7,622.295
1646877600000,488.6,494.6,479.0,487.1,468.193
1646881200000,485.8,491.5,485.8,486.3,376.899
1646884800000,487.4,488.3,476.2,480.0,579.277
1646888400000,478.8,484.0,470.0,472.7,357.391
1646892000000,475.1,479.8,471.1,477.1,222.272
1646895600000,481.3,481.7,476.8,478.3,177.132
1646899200000,477.8,486.4,474.9,484.5,172.202
1646902800000,486.5,497.1,480.4,490.0,481.434
1646906400000,489.6,492.0,477.0,478.6,728.779
1646910000000,476.7,484.6,474.7,483.3,574.214
1646913600000,483.0,486.9,479.1,483.4,188.835
1646917200000,482.3,498.8,472.0,485.0,896.7
1646920800000,486.0,499.8,484.7,496.5,452.898
1646924400000,499.0,525.0,498.4,517.1,1675.115
1646928000000,518.1,531.9,505.0,518.9,949.701
1646931600000,516.6,520.0,510.0,510.5,463.848
1646935200000,513.0,513.0,494.6,499.9,345.96
1646938800000,500.0,511.3,496.6,509.7,341.923
1646942400000,509.7,516.8,502.0,512.1,497.011
1646946000000,512.1,513.7,504.0,504.9,263.656
1646949600000,504.2,510.5,498.1,507.6,421.783
1646953200000,508.0,516.8,499.8,512.0,432.872
1646956800000,510.0,512.6,503.0,505.3,1177.883
1646960400000,506.1,507.9,495.4,501.5,468.426
1646964000000,499.5,506.1,482.5,483.7,746.081
1646967600000,483.2,493.0,482.4,491.4,391.159
1646971200000,491.4,491.4,477.0,482.5,372.325
1646974800000,482.5,486.3,480.6,484.6,193.736
1646978400000,487.7,492.6,481.6,491.5,235.723
1646982000000,493.9,502.8,493.9,498.3,379.758
1646985600000,499.5,501.6,491.7,494.8,369.069
1646989200000,495.0,497.3,489.6,490.1,229.132
1646992800000,489.9,495.5,486.0,490.5,156.81
1646996400000,490.4,519.0,481.7,501.1,821.522
1647000000000,498.5,503.6,490.0,494.4,649.411
1647003600000,494.7,496.6,486.2,490.0,221.275
1647007200000,488.4,505.0,477.6,481.3,599.531
1647010800000,481.6,481.6,466.0,470.3,602.563
1647014400000,470.1,473.5,458.0,473.5,748.654
1647018000000,468.7,472.6,463.8,469.5,305.887
1647021600000,469.0,470.7,455.0,457.0,364.179
1647025200000,457.0,463.4,451.0,452.8,631.105
1647028800000,451.0,464.5,450.7,454.0,460.112
1647032400000,459.6,467.9,459.4,462.5,400.723
1647036000000,463.4,467.6,460.5,463.4,303.021
1647039600000,463.1,463.1,447.2,449.9,695.081
1647043200000,449.5,464.8,449.2,459.7,478.43
1647046800000,459.6,470.0,457.5,465.0,752.804
1647050400000,465.0,470.1,462.2,464.6,282.382
1647054000000,464.2,467.2,463.2,463.8,144.473
1647057600000,463.3,468.5,462.5,464.3,114.764
1647061200000,462.2,466.0,461.0,466.0,133.123
1647064800000,466.7,467.7,463.0,463.4,119.233
1647068400000,463.4,463.4,450.0,455.6,161.428
1647072000000,455.6,457.3,446.8,451.6,241.579
1647075600000,452.6,458.1,452.6,456.3,64.833
1647079200000,456.5,461.2,454.5,455.8,309.296
1647082800000,456.6,458.6,452.7,454.7,151.827
1647086400000,454.7,462.7,452.7,457.1,261.308
1647090000000,459.8,461.9,456.0,456.7,318.084
1647093600000,456.7,459.9,450.8,453.0,129.85
1647097200000,453.8,458.5,451.8,457.7,51.554
1647100800000,455.0,460.9,454.7,456.6,220.882
1647104400000,456.5,459.4,452.8,453.1,192.393
1647108000000,454.7,455.7,451.7,454.7,125.46
1647111600000,454.0,455.0,451.3,454.1,99.245
1647115200000,454.1,458.0,453.0,454.5,88.25
1647118800000,455.9,462.8,454.5,462.8,191.237
1647122400000,459.9,459.9,453.6,454.2,94.759
1647126000000,456.3,457.7,437.0,439.1,707.217
1647129600000,436.8,442.4,433.8,442.1,421.142
1647133200000,443.8,446.7,439.4,441.9,251.563
1647136800000,445.4,448.9,443.0,447.2,83.684
1647140400000,446.0,449.4,446.0,448.1,20.876
1647144000000,448.1,449.4,443.5,444.0,102.539
1647147600000,444.4,447.7,443.9,445.0,25.864
1647151200000,444.3,446.0,443.0,444.5,74.083
1647154800000,444.9,446.6,443.0,445.4,57.821
1647158400000,445.1,449.0,444.5,444.5,7.006
1647162000000,444.7,445.2,439.0,441.6,85.599
1647165600000,444.0,445.7,440.1,443.2,481.405
1647169200000,444.4,447.3,442.0,443.0,55.189
1647172800000,443.0,446.1,435.2,444.7,138.932
1647176400000,444.6,457.0,443.1,451.4,203.65
1647180000000,451.4,465.1,451.0,463.7,342.891
1647183600000,463.7,471.6,462.9,464.8,836.912
1647187200000,464.8,466.0,457.8,457.8,173.692
1647190800000,462.8,468.8,459.2,461.0,90.096
1647194400000,460.6,461.4,455.0,456.4,49.387
1647198000000,455.7,459.4,453.0,453.0,530.948
1647201600000,453.6,456.0,451.1,451.2,81.851
1647205200000,451.2,454.7,451.0,451.0,22.502
1647208800000,451.0,452.5,435.1,439.1,272.369
1647212400000,440.0,448.8,435.6,448.8,311.676
1647216000000,445.1,449.0,441.6,445.4,1113.753
1647219600000,448.9,452.2,446.2,449.4,158.547
1647223200000,452.9,459.0,451.2,455.1,1087.631
1647226800000,453.4,459.7,447.5,459.7,53.488
1647230400000,460.0,466.4,457.6,460.9,247.386
1647234000000,460.2,461.7,456.1,456.1,96.366
1647237600000,456.1,462.9,452.0,459.6,147.782
1647241200000,460.6,464.7,459.7,464.7,25.323
1647244800000,462.1,470.0,462.1,469.6,131.357
1647248400000,469.6,481.5,466.9,478.2,261.502
1647252000000,476.5,485.7,472.9,475.4,286.889
1647255600000,474.8,477.2,469.3,471.9,555.225
1647259200000,473.4,475.0,464.7,470.5,324.378
1647262800000,472.4,476.9,466.5,476.3,181.923
1647266400000,474.5,476.5,469.9,473.9,168.196
1647270000000,471.6,476.9,442.7,466.1,545.16
1647273600000,468.5,471.9,462.1,466.0,166.533
1647277200000,466.0,467.7,460.4,464.6,191.028
1647280800000,464.0,468.7,460.9,468.5,203.187
1647284400000,468.5,469.8,462.6,466.7,186.757
1647288000000,469.8,471.1,462.1,462.3,255.508
1647291600000,464.2,470.0,461.2,468.9,180.857
1647295200000,468.8,479.8,468.8,474.4,412.212
1647298800000,477.3,485.7,476.2,485.0,632.105
1647302400000,485.0,489.9,480.0,484.4,605.915
1647306000000,485.2,485.6,475.8,480.0,414.082
1647309600000,480.9,486.9,479.0,481.7,170.077
1647313200000,481.7,482.5,472.0,477.0,174.206
1647316800000,477.9,479.2,475.7,477.3,65.365
1647320400000,476.8,476.9,474.2,476.6,76.517
1647324000000,476.3,482.5,476.2,480.7,36.212
1647327600000,480.1,480.1,468.8,468.8,98.262
1647331200000,468.9,468.9,463.9,468.3,77.519
1647334800000,465.5,470.8,463.1,467.6,26.634
1647338400000,467.8,470.8,465.9,467.6,188.451
1647342000000,467.6,471.2,466.2,466.2,161.25
1647345600000,466.2,471.5,464.4,464.9,190.316
1647349200000,464.4,467.4,456.0,462.4,311.312
1647352800000,462.4,474.5,462.4,465.9,120.462
1647356400000,467.8,474.5,461.9,469.0,304.66
1647360000000,467.6,472.4,465.0,468.0,253.29
1647363600000,469.5,469.6,464.0,467.6,402.65
1647367200000,468.0,470.9,464.2,470.9,317.323
1647370800000,470.2,473.0,460.0,462.4,841.474
1647374400000,462.7,463.3,455.1,457.9,495.578
1647378000000,456.7,460.9,455.2,458.7,330.496
1647381600000,460.0,460.0,452.0,456.2,232.663
1647385200000,457.0,460.8,452.7,454.7,440.661
1647388800000,455.4,459.4,447.6,449.4,494.062
1647392400000,448.2,455.3,447.1,453.4,354.538
1647396000000,453.3,465.2,452.3,457.8,916.055
1647399600000,458.7,460.1,446.3,447.7,487.879
1647403200000,446.0,450.1,445.4,449.2,126.689
1647406800000,449.1,455.9,448.4,454.6,73.266
1647410400000,453.7,455.5,452.3,452.3,93.074
1647414000000,451.9,452.9,448.0,449.9,68.771
1647417600000,449.9,459.5,449.9,459.0,197.01
1647421200000,459.7,461.0,453.2,459.0,384.531
1647424800000,458.9,463.0,456.2,458.7,430.278
1647428400000,458.7,464.2,457.6,461.4,248.217
1647432000000,460.0,461.7,455.3,459.1,376.092
1647435600000,459.1,459.1,454.0,457.1,331.244
1647439200000,457.9,459.0,450.1,454.0,411.04
1647442800000,453.2,455.0,445.5,446.1,722.36
1647446400000,447.4,451.8,440.5,447.8,506.438
1647450000000,447.8,449.9,442.2,443.5,375.585
1647453600000,443.5,452.0,440.7,447.1,686.543
1647457200000,446.5,458.0,445.0,456.6,540.511
1647460800000,456.6,460.1,454.7,457.9,476.639
1647464400000,457.9,458.5,450.5,451.8,431.436
1647468000000,453.0,454.2,448.1,450.5,201.18
1647471600000,449.9,454.5,447.1,453.5,271.164
1647475200000,453.4,454.4,446.5,446.8,574.694
1647478800000,447.3,449.7,442.0,448.1,409.371
1647482400000,448.3,448.5,444.2,446.1,256.688
1647486000000,446.1,448.7,444.9,448.3,226.872
1647489600000,448.3,453.8,446.9,453.7,96.983
1647493200000,453.8,454.1,446.1,446.3,211.872
1647496800000,448.1,449.8,444.0,449.8,138.226
1647500400000,449.9,451.0,446.4,449.1,40.152
1647504000000,449.1,449.7,448.2,449.4,31.483
1647507600000,447.4,455.4,447.4,455.0,88.36
1647511200000,452.1,452.8,450.3,452.7,142.532
1647514800000,452.7,454.1,451.0,454.1,229.984
1647518400000,453.6,461.5,453.2,457.7,276.163
1647522000000,455.2,458.4,453.2,455.3,164.287
1647525600000,455.3,457.6,446.5,450.1,337.837
1647529200000,449.7,450.0,444.1,444.1,192.146
1647532800000,445.3,447.2,442.7,444.7,198.436
1647536400000,444.7,444.7,440.1,443.5,457.399
1647540000000,443.5,448.0,441.7,443.2,212.612
1647543600000,442.9,444.4,441.2,443.8,144.106
1647547200000,443.8,443.9,439.0,440.0,258.732
1647550800000,440.0,449.5,437.9,442.3,396.183
1647554400000,442.3,443.5,439.5,441.6,190.718
1647558000000,441.3,441.6,437.5,439.3,103.385
1647561600000,438.9,438.9,430.4,431.5,237.248
1647565200000,430.0,435.2,425.3,432.8,417.843
1647568800000,432.9,434.7,425.8,430.4,177.766
1647572400000,430.4,433.7,430.0,432.4,218.56
1647576000000,432.6,435.5,432.0,434.3,74.911
1647579600000,434.0,436.9,434.0,436.9,70.758
1647583200000,436.6,436.7,432.0,433.5,12.164
1647586800000,433.9,434.8,425.1,425.1,75.521
1647590400000,429.3,436.9,425.0,425.5,119.591
1647594000000,423.8,424.6,418.0,420.6,323.654
1647597600000,421.9,430.7,420.0,420.6,135.674
1647601200000,422.7,424.3,420.9,424.3,237.444
1647604800000,424.3,425.9,421.4,423.9,174.641
1647608400000,422.5,426.8,420.8,425.2,333.773
1647612000000,425.6,428.6,420.9,422.8,401.779
1647615600000,423.2,437.3,422.8,429.1,217.808
1647619200000,429.8,443.0,428.5,435.1,312.369
1647622800000,435.1,436.1,430.6,433.4,181.138
1647626400000,432.1,441.3,432.0,436.7,185.852
1647630000000,437.9,440.0,435.9,439.4,432.619
1647633600000,440.5,441.9,435.2,436.0,243.075
1647637200000,436.0,436.7,430.9,433.0,63.066
1647640800000,434.1,435.9,432.0,434.4,81.113
1647644400000,435.6,447.7,435.5,447.2,365.866
1647648000000,446.7,452.9,443.5,451.0,383.611
1647651600000,450.4,450.7,443.2,443.2,290.221
1647655200000,443.2,446.0,441.5,443.5,165.65
1647658800000,444.6,448.8,442.5,444.3,207.566
1647662400000,444.2,451.1,443.4,445.2,121.094
1647666000000,445.1,448.0,442.5,442.5,76.377
1647669600000,442.5,445.6,442.5,445.6,30.321
1647673200000,442.8,447.5,440.3,442.5,3.714
1647676800000,440.1,442.1,440.1,442.1,0.238
1647680400000,445.1,448.2,443.3,443.3,92.18
1647684000000,445.4,448.9,443.7,445.0,55.177
1647687600000,445.1,455.3,445.1,455.2,214.141
1647691200000,453.8,464.8,453.5,464.0,832.496
1647694800000,464.0,472.1,458.6,464.2,684.161
1647698400000,464.0,467.8,460.0,467.4,343.436
1647702000000,467.4,468.2,462.1,462.3,194.989
1647705600000,463.5,468.2,459.0,460.4,389.573
1647709200000,461.0,463.7,458.6,462.0,92.957
1647712800000,463.5,465.0,459.4,464.9,136.45
1647716400000,464.4,467.4,463.1,466.3,102.757
1647720000000,466.4,472.0,460.2,471.5,436.478
1647723600000,469.3,471.7,465.8,466.0,187.607
1647727200000,466.0,469.5,460.3,465.8,176.08
1647730800000,465.8,470.3,460.4,466.2,54.222
1647734400000,462.6,462.6,458.6,460.9,259.781
1647738000000,461.2,463.6,456.8,463.6,270.717
1647741600000,463.6,465.6,461.0,461.2,81.705
1647745200000,462.4,467.0,460.5,463.0,93.245
1647748800000,461.2,465.9,461.2,463.8,64.281
1647752400000,464.0,468.5,463.1,467.0,39.317
1647756000000,469.0,469.9,468.1,469.9,47.076
1647759600000,469.8,469.8,469.1,469.1,5.356
1647763200000,463.6,476.6,463.6,473.8,267.051
1647766800000,474.7,475.3,467.7,468.3,97.503
1647770400000,468.3,476.0,467.2,472.7,63.65
1647774000000,473.0,473.1,465.8,468.2,115.766
1647777600000,470.0,471.2,463.3,465.7,96.844
1647781200000,469.4,469.4,462.5,463.7,172.967
1647784800000,462.3,467.7,460.2,463.0,274.662
1647788400000,462.7,464.2,457.0,459.6,236.877
1647792000000,458.1,461.6,456.8,459.4,95.766
1647795600000,460.6,464.2,450.5,456.7,226.752
1647799200000,456.5,460.4,456.5,456.7,56.792
1647802800000,459.6,462.4,458.7,462.4,121.495
1647806400000,462.4,466.6,462.4,462.5,280.006
1647810000000,460.5,462.6,458.6,462.0,85.65
1647813600000,462.0,462.0,455.7,461.4,104.414
1647817200000,461.4,466.1,456.8,458.3,63.433
1647820800000,458.3,467.2,457.3,457.5,163.609
1647824400000,460.7,464.3,458.5,463.1,162.841
1647828000000,464.0,475.2,461.6,469.6,350.383
1647831600000,473.5,477.7,469.8,473.8,173.873
1647835200000,476.9,479.6,472.7,478.9,141.103
1647838800000,479.0,479.3,474.6,476.6,177.04
1647842400000,476.6,479.6,476.4,477.5,67.903
1647846000000,476.8,483.5,476.8,483.5,170.023
1647849600000,484.0,490.5,483.5,486.8,364.929
1647853200000,488.4,488.7,480.7,484.5,169.989
1647856800000,484.5,486.1,482.1,484.0,200.858
1647860400000,484.0,487.2,480.2,482.7,342.433
1647864000000,482.7,482.7,476.9,481.7,169.867
1647867600000,480.5,481.4,475.7,475.7,244.375
1647871200000,475.1,475.9,468.4,470.6,201.698
1647874800000,471.7,476.0,463.5,476.0,213.517
1647878400000,474.7,476.3,468.5,476.0,159.328
1647882000000,473.9,483.0,473.0,480.0,262.99
1647885600000,480.0,486.1,478.7,481.0,200.312
1647889200000,480.6,485.3,476.8,477.9,188.936
1647892800000,476.6,478.0,472.0,474.0,274.947
1647896400000,472.0,475.8,471.5,473.5,87.149
1647900000000,473.5,480.0,473.5,478.4,152.145
1647903600000,476.9,479.7,475.1,476.5,146.83
1647907200000,476.2,477.2,470.1,470.6,198.434
1647910800000,473.2,482.0,463.9,468.8,21158.529
1647914400000,468.6,472.7,465.1,471.5,291.562
1647918000000,471.9,477.6,470.0,472.0,122.777
1647921600000,470.0,470.8,460.1,460.7,272.834
1647925200000,460.5,464.9,460.5,464.5,116.182
1647928800000,464.9,464.9,462.9,463.2,21.716
1647932400000,465.4,465.4,463.0,463.0,0.697
1647936000000,466.0,467.1,464.1,465.0,56.675
1647939600000,463.1,476.0,448.8,460.7,51400.918
1647943200000,460.6,482.1,443.9,462.5,861.397
1647946800000,462.2,466.3,461.6,466.3,177.338
1647950400000,465.6,472.9,458.0,462.2,429.562
1647954000000,462.4,466.6,459.5,463.6,123.645
1647957600000,462.1,466.7,460.0,462.4,101.592
1647961200000,464.0,464.0,459.4,459.4,98.077
1647964800000,462.5,463.3,460.1,462.5,67.688
1647968400000,462.3,463.1,457.5,460.7,68.66
1647972000000,460.7,463.0,460.1,461.0,199.351
1647975600000,461.3,462.8,457.2,457.2,97.663
1647979200000,458.2,460.1,457.7,459.5,195.152
1647982800000,459.9,464.0,458.8,464.0,103.824
1647986400000,463.6,463.6,460.4,463.4,66.934
1647990000000,463.4,463.4,458.3,461.6,100.528
1647993600000,461.6,463.7,459.1,461.9,205.719
1647997200000,462.7,462.7,457.2,460.5,152.312
1648000800000,460.1,464.7,458.9,461.6,223.271
1648004400000,461.6,462.1,457.5,460.6,102.399
1648008000000,459.1,461.1,456.6,458.2,98.606
1648011600000,459.0,462.0,458.8,459.1,99.679
1648015200000,458.6,460.0,457.8,459.5,22.425
1648018800000,457.7,459.9,457.0,459.9,46.293
1648022400000,459.6,460.0,456.6,460.0,68.969
1648026000000,458.4,460.0,458.1,460.0,86.945
1648029600000,460.9,464.8,460.0,461.3,72.152
1648033200000,462.4,464.4,459.7,459.7,102.174
1648036800000,460.0,468.0,458.0,467.9,347.037
1648040400000,467.9,468.5,464.4,465.8,422.304
1648044000000,466.5,470.1,465.1,467.1,234.459
1648047600000,469.8,473.0,467.1,467.1,305.437
1648051200000,467.9,472.8,464.0,467.9,301.639
1648054800000,465.3,468.6,460.2,461.4,218.896
1648058400000,463.5,465.8,460.0,460.0,134.734
1648062000000,460.0,462.8,459.3,459.9,16.444
1648065600000,461.1,462.3,460.0,460.8,26.747
1648069200000,460.8,461.8,458.4,458.4,119.659
1648072800000,459.9,461.6,457.4,460.6,178.15
1648076400000,461.2,463.3,459.4,461.0,90.307
1648080000000,460.6,463.7,457.9,463.3,193.281
1648083600000,462.9,463.2,457.4,460.0,130.212
1648087200000,460.7,462.4,458.1,462.3,119.373
1648090800000,463.0,464.1,458.9,458.9,106.099
1648094400000,459.3,459.9,458.0,459.9,110.61
1648098000000,457.9,459.4,457.0,459.3,247.501
1648101600000,460.0,462.8,460.0,462.2,24.906
1648105200000,461.2,463.0,459.8,463.0,58.684
1648108800000,460.7,465.0,460.7,464.8,5.849
1648112400000,462.4,463.1,457.5,460.6,87.088
1648116000000,459.3,460.3,457.1,458.4,104.125
1648119600000,458.5,459.1,452.9,453.9,379.896
1648123200000,454.1,454.6,447.8,448.4,317.717
1648126800000,449.0,459.1,446.0,448.1,357.609
1648130400000,448.0,451.0,442.9,448.0,249.428
1648134000000,448.0,458.5,447.1,454.8,448.937
1648137600000,455.4,462.0,451.9,459.3,314.614
1648141200000,459.9,461.0,457.8,457.9,225.105
1648144800000,455.6,458.6,454.0,455.0,45.987
1648148400000,454.8,455.3,453.2,453.2,212.251
1648152000000,453.2,453.9,450.4,450.4,88.674
1648155600000,450.4,455.9,448.1,453.3,92.568
1648159200000,453.2,455.7,449.0,451.7,208.663
1648162800000,451.5,457.7,450.1,453.2,190.572
1648166400000,453.2,456.0,451.9,453.7,185.686
1648170000000,453.0,457.0,453.0,454.9,199.002
1648173600000,454.7,454.7,450.5,450.5,308.187
1648177200000,451.6,453.2,449.6,450.7,144.369
1648180800000,450.6,454.0,450.5,453.7,21.272
1648184400000,453.0,455.0,452.2,452.2,54.572
1648188000000,452.1,453.4,451.7,451.7,69.83
1648191600000,451.7,452.3,447.0,449.2,146.475
1648195200000,448.0,448.9,445.0,448.9,53.695
1648198800000,448.9,451.9,447.3,451.0,14.005
1648202400000,451.0,453.0,449.7,453.0,41.884
1648206000000,453.0,455.5,451.1,454.6,71.825
1648209600000,454.6,454.8,451.7,453.7,157.271
1648213200000,454.8,455.8,451.0,454.0,337.577
1648216800000,455.0,456.5,450.0,452.1,276.901
1648220400000,450.8,450.8,442.3,442.3,209.577
1648224000000,442.4,451.1,433.2,433.2,448.069
1648227600000,433.2,441.8,424.3,433.9,375.102
1648231200000,434.9,451.0,431.4,435.1,287.686
1648234800000,435.2,436.8,432.0,435.7,134.2
1648238400000,435.2,435.2,430.7,434.6,60.261
1648242000000,434.0,436.3,433.0,435.7,70.468
1648245600000,435.7,435.7,432.0,432.0,51.899
1648249200000,431.2,433.5,429.5,433.5,145.148
1648252800000,432.6,435.6,432.6,433.3,27.632
1648256400000,433.4,433.4,427.2,429.9,185.414
1648260000000,428.5,434.2,425.3,426.3,152.959
1648263600000,426.3,428.0,425.6,428.0,174.44
1648267200000,427.9,429.0,426.9,427.7,142.396
1648270800000,426.4,430.4,425.5,430.4,70.847
1648274400000,430.5,431.5,429.0,430.2,65.828
1648278000000,430.8,432.3,429.9,431.2,24.284
1648281600000,431.2,433.5,430.1,430.2,134.471
1648285200000,432.4,432.4,430.2,430.9,123.936
1648288800000,431.4,431.4,427.7,428.1,125.445
1648292400000,429.7,432.4,428.2,430.8,135.959
1648296000000,430.8,430.8,427.0,427.7,212.708
1648299600000,430.6,430.7,428.0,429.6,110.726
1648303200000,431.8,432.4,429.7,431.0,153.126
1648306800000,431.5,434.7,430.8,434.7,169.464
1648310400000,432.6,435.2,431.9,435.2,59.851
1648314000000,435.4,437.2,433.6,437.1,352.536
1648317600000,437.8,438.9,432.7,435.0,74.016
1648321200000,434.5,437.6,433.0,436.0,48.792
1648324800000,436.9,437.4,433.5,433.7,190.107
1648328400000,435.4,437.1,433.0,435.0,67.861
1648332000000,436.3,441.3,435.3,439.2,187.161
1648335600000,439.2,439.9,436.9,437.0,79.51
1648339200000,436.9,438.6,432.9,437.9,70.007
1648342800000,437.9,438.0,435.6,438.0,113.473
1648346400000,438.0,440.1,435.9,435.9,64.378
1648350000000,439.0,439.0,433.8,434.9,44.499
1648353600000,434.9,437.3,432.4,432.4,59.935
1648357200000,432.4,432.4,432.4,432.4,0.0
1648360800000,432.6,434.8,432.6,434.7,134.277
1648364400000,434.2,435.6,433.3,433.9,101.847
1648368000000,433.2,433.9,433.2,433.9,3.659
1648371600000,434.6,435.2,433.4,433.9,66.864
1648375200000,433.7,434.1,431.6,432.9,23.283
1648378800000,433.3,433.4,432.7,432.7,24.864
1648382400000,432.7,436.2,430.1,432.8,104.012
1648386000000,430.1,433.5,428.4,432.8,159.012
1648389600000,432.8,436.1,432.0,432.0,128.878
1648393200000,432.1,434.2,431.1,432.4,45.42
1648396800000,433.4,434.0,431.7,432.5,105.888
1648400400000,432.5,432.5,430.4,431.6,112.748
1648404000000,431.6,433.5,431.6,432.4,114.144
1648407600000,432.6,434.9,432.4,434.6,207.74
1648411200000,435.0,439.1,433.2,439.1,291.98
1648414800000,438.9,444.3,437.9,441.3,237.791
1648418400000,440.0,446.2,439.0,443.1,252.035
1648422000000,444.5,450.1,441.8,449.2,318.317
1648425600000,448.4,455.0,444.1,446.2,407.844
1648429200000,446.2,450.5,442.5,445.0,263.901
1648432800000,445.0,447.1,443.1,447.1,351.021
1648436400000,447.0,450.3,446.6,449.7,154.6
1648440000000,450.0,458.1,449.8,455.5,401.62
1648443600000,456.5,459.0,454.8,457.7,90.356
1648447200000,458.6,458.7,451.0,452.6,110.387
1648450800000,454.7,454.7,452.8,454.3,19.117
1648454400000,454.9,454.9,450.3,452.0,119.816
1648458000000,452.0,454.0,451.5,452.9,193.984
1648461600000,452.8,453.0,449.2,450.3,110.102
1648465200000,450.0,451.3,447.0,447.7,322.853
1648468800000,449.0,450.5,445.3,450.5,513.719
1648472400000,451.0,461.2,449.9,460.2,899.278
1648476000000,460.2,462.7,455.7,462.2,538.569
1648479600000,462.5,463.2,455.4,455.4,477.283
1648483200000,455.1,474.0,455.0,471.0,1251.944
1648486800000,470.9,480.3,466.4,479.8,1065.865
1648490400000,479.8,486.7,477.6,484.4,1073.302
1648494000000,484.3,486.9,477.0,481.2,343.319
1648497600000,480.4,484.4,478.0,479.1,232.247
1648501200000,479.3,480.1,465.2,476.2,465.351
1648504800000,475.2,476.8,468.1,468.5,265.306
1648508400000,469.3,473.0,464.3,465.9,408.259
1648512000000,464.5,478.7,464.5,471.7,331.505
1648515600000,471.6,478.2,467.0,475.9,489.155
1648519200000,476.5,499.0,474.0,496.7,740.562
1648522800000,497.1,500.5,493.0,498.0,852.783
1648526400000,498.1,509.6,494.4,504.5,556.709
1648530000000,503.3,505.9,493.8,499.6,367.539
1648533600000,499.8,506.0,499.8,500.0,234.715
1648537200000,501.7,501.7,490.6,493.3,304.437
1648540800000,493.1,496.0,493.1,495.8,174.759
1648544400000,495.5,497.7,489.5,490.3,177.304
1648548000000,491.4,498.7,490.6,492.3,196.842
1648551600000,492.5,497.8,492.3,495.5,208.138
1648555200000,495.4,496.4,490.1,492.1,482.288
1648558800000,493.0,508.6,492.4,494.7,1136.867
1648562400000,496.6,515.9,492.9,512.8,1026.216
1648566000000,512.8,514.7,503.4,507.0,689.157
1648569600000,509.2,514.5,498.4,511.6,681.315
1648573200000,510.2,513.2,503.8,512.5,453.258
1648576800000,511.9,522.1,510.6,512.5,1171.611
1648580400000,513.4,527.2,511.3,518.6,880.382
1648584000000,518.6,521.0,508.6,512.0,575.98
1648587600000,512.0,518.1,508.5,510.2,154.563
1648591200000,512.6,519.0,509.3,515.4,327.154
1648594800000,515.4,524.3,512.3,523.4,614.855
1648598400000,522.3,522.3,512.4,515.5,317.21
1648602000000,515.4,515.4,501.9,508.9,434.044
1648605600000,510.6,515.0,510.5,513.8,341.066
1648609200000,512.2,512.6,505.2,508.3,81.289
1648612800000,508.8,510.2,504.9,506.7,562.205
1648616400000,505.5,510.3,505.2,510.3,120.165
1648620000000,512.0,513.0,508.4,511.7,143.745
1648623600000,511.5,511.8,508.8,508.8,95.564
1648627200000,508.8,509.5,506.2,507.5,75.77
1648630800000,507.9,509.2,504.6,506.7,158.308
1648634400000,506.7,513.9,506.3,513.8,179.782
1648638000000,513.8,515.9,510.5,514.2,209.617
1648641600000,513.8,514.3,506.0,511.7,739.48
1648645200000,509.9,517.0,498.2,505.6,445.892
1648648800000,502.0,510.4,495.0,507.3,513.528
1648652400000,508.4,522.0,500.5,519.6,503.375
1648656000000,521.0,521.0,515.4,516.6,482.336
1648659600000,518.4,535.6,518.4,533.3,1030.73
1648663200000,532.3,533.4,523.2,526.0,487.712
1648666800000,523.1,525.1,515.4,520.1,396.251
1648670400000,520.9,522.3,515.2,518.0,213.839
1648674000000,518.1,519.1,510.0,510.8,397.238
1648677600000,510.1,513.5,506.5,510.6,214.087
1648681200000,508.8,512.9,508.0,508.9,300.913
1648684800000,508.8,514.5,508.4,511.7,140.001
1648688400000,512.8,519.8,511.8,518.7,175.292
1648692000000,519.0,521.0,511.8,511.8,240.87
1648695600000,511.5,515.0,509.9,513.0,213.658
1648699200000,513.9,515.0,508.5,511.2,318.428
1648702800000,511.8,515.1,511.8,514.0,263.48
1648706400000,514.0,516.2,512.6,515.3,67.557
1648710000000,514.2,516.5,513.1,515.7,153.721
1648713600000,516.5,518.5,514.1,514.1,124.666
1648717200000,515.4,517.3,514.0,517.3,157.921
1648720800000,517.6,521.5,515.7,519.4,309.156
1648724400000,520.6,520.6,513.4,516.6,332.428
1648728000000,517.0,522.7,515.1,519.3,607.595
1648731600000,521.1,521.1,509.4,509.4,464.289
1648735200000,508.1,511.2,495.2,510.8,804.499
1648738800000,512.3,513.0,498.5,499.0,463.948
1648742400000,499.1,499.9,481.8,485.3,915.144
1648746000000,486.1,500.2,485.0,494.9,671.204
1648749600000,494.2,500.5,490.0,500.3,475.294
1648753200000,500.6,502.5,493.4,497.6,379.237
1648756800000,495.0,498.6,493.3,494.0,237.832
1648760400000,495.5,498.3,492.6,496.5,198.794
1648764000000,496.5,499.9,495.3,498.7,134.514
1648767600000,498.3,499.6,490.0,492.7,145.611
1648771200000,491.8,498.7,490.4,498.7,190.863
1648774800000,496.8,502.0,487.9,487.9,519.544
1648778400000,487.9,489.1,472.0,472.8,510.094
1648782000000,473.8,478.8,472.5,477.4,796.83
1648785600000,477.1,483.8,477.1,478.2,349.273
1648789200000,477.9,483.2,477.9,480.4,209.572
1648792800000,480.4,485.4,480.4,485.4,114.962
1648796400000,486.2,489.6,485.6,487.5,120.914
1648800000000,488.4,492.0,488.3,488.6,85.618
1648803600000,488.3,491.7,486.3,490.1,201.93
1648807200000,489.9,493.4,487.7,493.4,224.358
1648810800000,493.8,493.8,488.9,488.9,267.741
1648814400000,487.1,487.1,480.2,485.3,673.658
1648818000000,486.3,496.3,485.3,493.5,507.742
1648821600000,491.8,504.3,491.5,504.3,535.361
1648825200000,504.3,509.7,501.9,503.3,649.762
1648828800000,503.7,507.0,499.2,499.2,495.78
1648832400000,498.5,511.9,498.2,507.8,404.914
1648836000000,509.2,509.8,498.0,498.0,205.172
1648839600000,498.7,500.9,496.1,498.2,454.65
1648843200000,498.4,501.3,496.3,498.6,288.433
1648846800000,498.4,500.4,496.2,498.6,92.68
1648850400000,497.6,500.6,497.0,498.8,45.549
1648854000000,498.8,499.2,492.8,497.4,170.868
1648857600000,497.5,507.0,497.5,506.4,386.096
1648861200000,507.4,509.0,502.7,505.6,287.596
1648864800000,505.0,509.5,504.1,505.8,171.078
1648868400000,506.7,507.1,502.8,507.0,219.946
1648872000000,505.0,507.0,501.2,506.6,71.432
1648875600000,505.5,510.2,505.5,508.0,148.012
1648879200000,508.7,515.0,507.5,511.2,302.274
1648882800000,510.8,510.8,507.8,509.7,95.184
1648886400000,509.0,520.0,508.4,518.1,155.632
1648890000000,518.9,526.0,515.8,526.0,496.969
1648893600000,525.9,531.2,524.8,528.1,439.745
1648897200000,528.3,528.7,523.3,524.8,429.012
1648900800000,524.0,529.4,520.0,526.5,446.224
1648904400000,526.6,534.9,523.8,530.4,539.817
1648908000000,532.1,532.7,527.9,529.7,333.684
1648911600000,528.3,532.2,515.8,532.2,424.589
1648915200000,532.4,542.8,530.8,537.3,479.362
1648918800000,539.9,540.4,535.5,535.5,369.144
1648922400000,536.1,545.0,530.2,535.0,699.282
1648926000000,536.1,538.0,530.9,534.0,336.032
1648929600000,533.7,545.0,532.1,545.0,218.42
1648933200000,544.1,544.9,535.3,539.4,248.675
1648936800000,539.8,547.9,539.8,546.2,585.785
1648940400000,546.5,551.5,540.4,541.0,395.315
1648944000000,543.5,550.3,527.3,536.8,427.04
1648947600000,537.1,538.4,531.1,536.8,165.797
1648951200000,537.3,541.5,534.1,534.1,107.777
1648954800000,536.8,543.1,536.8,540.1,358.685
1648958400000,541.2,552.1,541.2,545.8,231.554
1648962000000,546.3,548.2,543.9,547.7,282.581
1648965600000,547.7,555.0,545.7,550.0,283.974
1648969200000,550.9,551.0,543.6,544.8,310.174
1648972800000,544.8,544.8,539.0,539.1,169.141
1648976400000,539.8,543.5,536.7,540.9,192.503
1648980000000,540.0,543.7,538.9,540.5,492.924
1648983600000,540.5,542.5,538.1,539.2,336.408
1648987200000,539.0,542.8,536.5,539.7,240.453
1648990800000,539.7,539.7,532.3,534.6,229.942
1648994400000,534.8,542.1,532.1,542.1,433.699
1648998000000,541.9,543.7,533.6,533.6,259.257
1649001600000,536.1,538.3,532.5,532.6,369.68
1649005200000,535.0,536.0,520.2,528.4,340.089
1649008800000,529.3,530.3,526.3,530.3,272.51
1649012400000,529.7,533.8,524.9,527.0,204.494
1649016000000,527.1,531.7,526.8,528.2,158.97
1649019600000,527.6,533.3,527.6,531.0,131.826
1649023200000,531.0,539.7,530.8,535.0,449.629
1649026800000,534.8,534.8,527.4,531.7,357.455
1649030400000,530.6,533.1,525.0,527.3,721.158
1649034000000,527.9,541.6,526.8,540.3,431.176
1649037600000,540.5,542.3,536.8,540.4,310.434
1649041200000,541.6,543.3,538.0,538.5,421.765
1649044800000,537.7,538.2,534.2,534.2,141.15
1649048400000,535.8,539.2,535.8,539.2,47.964
1649052000000,539.2,539.2,535.0,535.0,159.29
1649055600000,535.5,539.6,533.4,539.1,185.234
1649059200000,535.8,538.5,531.7,531.7,115.319
1649062800000,536.1,536.1,528.2,529.5,50.977
1649066400000,531.2,531.6,527.1,529.7,277.433
1649070000000,531.4,534.9,529.8,530.2,108.066
1649073600000,530.6,532.2,514.0,516.5,824.841
1649077200000,517.6,519.2,509.0,515.8,500.638
1649080800000,515.8,518.5,512.8,512.8,320.833
1649084400000,512.0,517.9,508.0,513.4,446.536
1649088000000,513.4,519.6,512.4,518.0,607.395
1649091600000,518.7,522.9,510.3,514.3,584.62
1649095200000,513.9,531.3,511.6,527.4,652.003
1649098800000,529.8,537.0,527.7,535.2,453.731
1649102400000,537.2,541.8,530.6,532.2,792.909
1649106000000,534.9,547.9,532.5,535.7,339.434
1649109600000,535.3,544.6,535.3,540.9,191.62
1649113200000,542.8,545.7,536.9,540.2,575.851
1649116800000,539.6,549.2,535.5,544.3,333.232
1649120400000,544.7,544.7,535.6,537.0,168.102
1649124000000,536.7,540.0,531.0,537.0,186.878
1649127600000,536.3,539.2,536.2,537.9,159.748
1649131200000,537.0,541.4,537.0,539.8,145.513
1649134800000,539.8,541.4,538.3,538.8,108.493
1649138400000,537.8,538.7,536.2,536.8,86.903
1649142000000,536.4,536.5,536.4,536.5,9.612
1649145600000,537.7,538.9,535.6,537.1,47.473
1649149200000,537.1,539.7,533.9,535.1,90.585
1649152800000,535.1,545.5,534.3,545.5,300.693
1649156400000,545.2,552.7,542.2,550.8,569.901
1649160000000,549.9,575.0,546.1,547.5,951.55
1649163600000,548.3,553.9,545.1,550.1,393.866
1649167200000,550.1,553.4,545.2,545.2,291.355
1649170800000,546.9,549.7,542.3,544.6,246.928
1649174400000,544.8,549.2,536.8,542.1,440.092
1649178000000,542.1,545.0,540.6,541.3,225.712
1649181600000,542.6,545.9,541.3,541.3,425.584
1649185200000,544.6,544.6,534.5,541.2,403.298
1649188800000,541.2,545.0,537.1,539.6,378.007
1649192400000,539.6,553.3,538.7,549.1,346.683
1649196000000,549.7,550.1,541.8,547.1,334.437
1649199600000,547.1,548.9,541.0,545.9,225.282
1649203200000,545.2,555.0,531.0,550.4,634.342
1649206800000,550.6,554.9,547.2,549.9,335.246
1649210400000,548.7,552.7,545.7,545.7,132.063
1649214000000,545.3,550.3,543.1,547.2,293.396
1649217600000,548.6,550.9,546.2,549.3,107.744
1649221200000,550.1,551.9,547.9,547.9,78.931
1649224800000,547.7,550.9,545.7,550.9,86.738
1649228400000,550.9,554.4,549.2,553.4,221.5
1649232000000,552.4,552.4,541.4,543.4,123.173
1649235600000,540.7,542.2,535.2,540.6,195.81
1649239200000,540.5,540.5,528.1,528.1,397.859
1649242800000,528.1,531.9,522.0,528.8,281.882
1649246400000,527.0,531.1,523.0,523.5,446.806
1649250000000,522.6,529.9,519.5,521.9,441.012
1649253600000,521.8,523.6,515.0,515.2,719.094
1649257200000,515.6,516.2,507.1,512.3,536.119
1649260800000,510.0,513.1,498.0,506.5,990.94
1649264400000,505.9,515.4,500.6,510.5,771.388
1649268000000,513.0,522.1,505.4,520.7,639.763
1649271600000,520.9,522.3,509.6,518.5,475.802
1649275200000,518.1,522.9,517.6,518.0,522.502
1649278800000,519.3,519.3,511.0,513.8,253.72
1649282400000,513.4,516.6,508.9,509.0,145.119
1649286000000,509.6,517.9,507.4,514.0,197.15
1649289600000,513.5,521.0,506.6,511.4,287.881
1649293200000,512.0,519.7,512.0,517.6,229.737
1649296800000,516.7,517.3,511.7,515.8,145.357
1649300400000,516.0,517.4,511.6,515.5,96.494
1649304000000,515.5,519.9,514.3,518.1,123.46
1649307600000,516.3,517.1,510.8,514.8,145.214
1649311200000,514.1,517.0,512.2,517.0,96.033
1649314800000,513.8,519.9,513.8,519.0,84.341
1649318400000,518.4,518.4,514.5,514.5,10.742
1649322000000,514.5,514.5,504.7,507.9,246.17
1649325600000,507.5,507.5,499.0,503.0,166.219
1649329200000,503.0,509.1,500.1,507.7,330.478
1649332800000,506.9,508.2,499.5,499.5,209.859
1649336400000,499.5,504.2,498.1,504.2,225.994
1649340000000,502.1,504.8,490.0,490.1,338.083
1649343600000,494.7,497.2,485.2,496.4,693.481
1649347200000,497.2,502.4,495.7,500.6,478.024
1649350800000,502.1,503.2,497.7,500.3,282.924
1649354400000,499.3,501.6,496.1,497.8,223.454
1649358000000,496.1,496.1,488.0,488.0,448.785
1649361600000,489.0,491.6,486.8,488.5,311.465
1649365200000,486.1,491.8,482.0,488.3,222.256
1649368800000,488.3,496.2,485.0,496.2,155.201
1649372400000,494.9,500.0,493.3,494.7,196.929
1649376000000,497.1,502.6,495.2,499.6,280.796
1649379600000,499.1,505.0,498.0,504.9,180.603
1649383200000,505.7,510.5,503.9,504.8,237.352
1649386800000,506.1,508.8,504.4,507.9,133.98
1649390400000,508.7,510.0,504.9,504.9,134.561
1649394000000,505.5,505.5,502.9,503.2,60.305
1649397600000,502.6,504.6,496.4,496.8,40.224
1649401200000,495.4,495.4,485.4,494.0,175.338
1649404800000,494.4,498.5,488.3,493.3,323.965
1649408400000,492.8,494.8,488.5,490.7,159.236
1649412000000,488.6,490.4,485.6,487.9,288.79
1649415600000,487.0,487.0,476.3,477.4,544.121
1649419200000,477.1,480.6,467.0,468.8,642.261
1649422800000,468.4,480.0,465.9,476.4,479.383
1649426400000,476.4,481.8,474.0,479.5,442.609
1649430000000,479.5,486.1,477.0,479.6,351.166
1649433600000,478.6,481.0,469.8,472.1,202.446
1649437200000,472.4,472.4,461.3,466.7,525.682
1649440800000,468.3,468.3,456.3,463.1,416.867
1649444400000,463.1,465.2,458.6,459.6,315.759
1649448000000,463.4,473.6,453.1,457.2,309.173
1649451600000,458.0,458.7,447.1,447.1,359.572
1649455200000,449.8,452.8,442.5,448.1,365.826
1649458800000,447.4,449.7,443.5,448.0,341.189
1649462400000,448.5,455.7,448.0,453.7,210.585
1649466000000,452.4,455.0,448.0,449.2,144.512
1649469600000,450.0,452.6,443.1,444.7,289.953
1649473200000,444.7,444.9,437.0,441.4,348.327
1649476800000,441.8,449.9,440.4,445.9,220.292
1649480400000,445.9,449.8,445.7,448.4,235.501
1649484000000,448.4,448.4,443.8,444.5,70.271
1649487600000,445.5,452.1,445.5,452.1,235.622
1649491200000,449.8,451.4,448.1,448.8,131.414
1649494800000,448.5,450.0,447.2,449.1,90.35
1649498400000,449.7,449.9,445.0,449.2,219.799
1649502000000,450.0,450.9,447.8,449.7,220.376
1649505600000,448.8,451.6,447.3,450.5,241.759
1649509200000,450.5,459.3,448.7,455.5,391.929
1649512800000,454.9,454.9,445.8,447.3,231.343
1649516400000,447.3,447.5,441.1,441.8,199.237
1649520000000,441.8,447.5,441.8,445.4,189.878
1649523600000,443.8,448.5,443.7,446.9,136.301
1649527200000,446.5,448.4,442.3,445.2,177.978
1649530800000,445.4,448.8,443.6,444.3,95.225
1649534400000,445.4,452.2,445.4,451.5,341.948
1649538000000,450.1,456.6,449.6,452.8,291.93
1649541600000,453.0,453.5,450.3,450.6,57.765
1649545200000,450.9,463.1,449.5,462.0,346.206
1649548800000,460.9,463.0,455.9,455.9,244.675
1649552400000,456.1,458.6,455.5,455.6,298.165
1649556000000,455.2,458.3,451.2,458.3,176.043
1649559600000,458.0,459.2,454.0,455.6,79.147
1649563200000,454.0,456.1,453.0,453.2,138.914
1649566800000,454.4,454.4,450.5,450.5,35.656
1649570400000,450.5,450.5,448.6,450.3,121.056
1649574000000,450.3,450.3,447.3,447.3,98.897
1649577600000,447.4,450.4,445.4,449.0,84.978
1649581200000,449.1,449.1,442.2,443.1,172.313
1649584800000,442.4,446.1,441.7,445.0,158.494
1649588400000,446.0,447.9,444.2,445.1,190.182
1649592000000,444.4,447.4,441.1,441.3,130.756
1649595600000,441.0,443.5,438.5,441.7,406.315
1649599200000,441.6,446.0,441.6,445.3,303.858
1649602800000,444.9,447.9,443.3,447.2,159.644
1649606400000,447.6,449.9,445.3,449.1,180.298
1649610000000,449.1,458.8,448.4,455.2,370.592
1649613600000,455.7,459.6,453.4,453.4,216.602
1649617200000,454.0,455.7,453.6,454.1,69.66
1649620800000,454.4,457.3,453.4,453.4,71.452
1649624400000,452.9,454.2,445.0,445.3,228.288
1649628000000,445.2,447.1,438.3,442.3,383.721
1649631600000,441.6,444.7,434.1,436.2,197.152
1649635200000,434.9,437.9,428.1,431.4,418.126
1649638800000,431.4,439.1,430.3,431.0,306.763
1649642400000,430.6,430.6,416.9,417.5,367.71
1649646000000,419.2,419.2,410.7,416.4,443.323
1649649600000,416.2,422.3,414.3,421.1,143.09
1649653200000,421.9,422.2,418.0,418.0,61.327
1649656800000,418.2,420.7,415.4,418.8,230.625
1649660400000,420.0,421.7,417.7,421.1,121.66
1649664000000,421.1,421.1,416.9,419.8,61.846
1649667600000,418.1,418.1,401.0,401.0,328.938
1649671200000,400.3,410.2,400.2,407.6,364.947
1649674800000,407.0,411.2,404.6,410.6,396.27
1649678400000,410.6,418.2,410.0,410.1,499.531
1649682000000,408.8,414.5,405.0,413.1,419.613
1649685600000,412.1,413.8,407.0,407.8,471.975
1649689200000,408.2,411.2,405.9,405.9,174.546
1649692800000,407.1,410.8,402.1,407.7,593.735
1649696400000,408.5,411.2,405.1,409.1,543.342
1649700000000,408.3,409.7,406.3,407.2,268.835
1649703600000,409.0,409.7,403.6,404.7,317.562
1649707200000,405.0,405.0,391.6,391.6,487.973
1649710800000,391.9,395.8,382.3,385.7,457.259
1649714400000,386.6,393.9,383.1,388.3,259.578
1649718000000,392.3,394.0,388.3,392.8,131.913
1649721600000,391.3,396.2,388.3,393.4,519.179
1649725200000,393.0,399.9,391.5,392.5,184.518
1649728800000,392.2,394.3,382.2,387.3,211.624
1649732400000,387.5,391.0,386.6,391.0,217.547
1649736000000,391.0,395.3,389.3,395.3,210.347
1649739600000,395.6,403.5,395.0,401.8,245.026
1649743200000,401.2,405.3,399.0,399.6,258.778
1649746800000,399.1,402.4,398.9,402.0,135.461
1649750400000,401.9,405.2,401.5,403.5,207.02
1649754000000,403.1,404.0,399.9,402.5,339.838
1649757600000,402.3,404.4,400.5,403.1,346.408
1649761200000,401.8,410.7,401.3,408.8,209.369
1649764800000,409.4,413.9,401.5,413.1,1052.232
1649768400000,412.2,420.8,402.7,404.4,531.155
1649772000000,404.4,424.4,390.2,393.9,835.753
1649775600000,393.9,403.6,393.7,400.0,500.638
1649779200000,400.9,403.0,398.7,401.8,258.584
1649782800000,400.5,403.6,397.6,398.6,306.869
1649786400000,398.5,400.0,392.1,392.1,457.678
1649790000000,392.7,393.9,388.6,389.1,271.209
1649793600000,388.9,395.1,388.5,394.9,426.003
1649797200000,395.4,399.0,393.1,398.4,279.219
1649800800000,398.4,398.4,393.0,394.8,208.344
1649804400000,397.3,403.5,395.0,398.6,171.926
1649808000000,398.4,400.7,393.0,393.8,191.465
1649811600000,393.9,395.3,390.1,395.3,361.459
1649815200000,395.2,398.6,393.8,397.3,181.618
1649818800000,397.3,404.0,397.1,401.8,155.496
1649822400000,402.2,402.3,398.9,402.3,83.495
1649826000000,403.6,407.4,401.1,405.6,217.762
1649829600000,407.0,407.0,401.5,402.2,80.982
1649833200000,401.0,402.9,401.0,402.7,23.868
1649836800000,403.1,403.4,401.2,403.3,94.641
1649840400000,401.2,402.2,399.5,400.4,62.102
1649844000000,400.0,402.0,393.8,395.2,222.746
1649847600000,397.2,398.5,392.8,395.3,212.963
1649851200000,392.8,397.4,386.1,393.2,505.359
1649854800000,393.5,414.5,393.0,413.4,918.208
1649858400000,411.9,419.9,404.8,408.1,577.278
1649862000000,408.5,420.0,408.5,413.1,425.89
1649865600000,413.1,414.1,407.9,409.6,442.252
1649869200000,408.6,408.9,401.3,407.2,327.556
1649872800000,406.7,411.4,405.8,411.4,179.988
1649876400000,411.9,413.9,409.0,410.3,209.831
1649880000000,409.6,412.0,408.1,410.9,256.821
1649883600000,411.5,414.0,410.3,410.3,160.565
1649887200000,410.3,416.0,410.3,412.5,153.526
1649890800000,414.5,416.4,412.0,416.1,75.374
1649894400000,415.7,419.5,413.2,419.3,168.473
1649898000000,418.5,425.7,416.0,423.5,284.418
1649901600000,423.3,423.3,418.6,421.5,86.011
1649905200000,422.1,422.1,415.0,416.2,208.246
1649908800000,417.0,417.6,412.0,416.1,226.412
1649912400000,416.1,418.0,416.0,418.0,37.204
1649916000000,418.5,419.9,417.6,419.9,0.378
1649919600000,417.0,418.9,417.0,418.9,28.23
1649923200000,416.5,416.5,412.1,412.3,51.682
1649926800000,412.0,412.0,407.7,411.7,754.135
1649930400000,415.0,415.0,405.8,407.8,236.092
1649934000000,406.4,407.3,401.0,401.2,252.106
1649937600000,405.0,410.0,402.5,409.6,360.319
1649941200000,409.7,414.9,402.0,402.0,579.523
1649944800000,402.0,403.2,397.9,400.2,862.829
1649948400000,401.0,401.8,386.1,386.5,626.296
1649952000000,387.3,392.1,385.0,389.8,513.925
1649955600000,389.8,393.5,386.9,390.3,300.511
1649959200000,390.3,393.7,382.0,384.2,758.7
1649962800000,382.6,387.3,380.5,383.6,432.444
1649966400000,383.1,386.1,376.7,383.0,281.151
1649970000000,384.4,388.5,383.1,388.5,152.217
1649973600000,385.2,388.6,383.5,385.8,247.912
1649977200000,388.6,388.6,384.0,387.5,102.185
1649980800000,387.5,390.6,382.8,385.4,795.585
1649984400000,384.7,387.3,383.2,383.8,266.631
1649988000000,385.1,388.1,384.3,387.6,230.52
1649991600000,386.9,389.8,386.9,389.8,138.268
1649995200000,389.8,391.5,386.9,386.9,85.54
1649998800000,387.9,389.6,387.0,387.1,189.984
1650002400000,387.4,390.3,383.8,390.3,80.064
1650006000000,384.6,390.1,384.6,390.1,76.092
1650009600000,390.1,390.1,385.7,387.7,16.329
1650013200000,386.9,387.4,384.7,384.7,188.984
1650016800000,386.6,388.6,385.5,386.3,33.39
1650020400000,389.8,389.9,386.3,389.0,21.203
1650024000000,389.0,389.4,385.1,386.0,151.796
1650027600000,385.1,387.4,379.0,380.6,434.261
1650031200000,386.0,386.4,377.0,382.5,298.96
1650034800000,382.5,387.3,380.8,381.3,282.271
1650038400000,381.3,383.7,370.0,380.6,1226.359
1650042000000,380.5,382.8,377.4,382.4,419.429
1650045600000,382.4,384.1,381.5,383.1,153.593
1650049200000,381.9,384.9,379.6,382.8,184.566
1650052800000,382.8,384.9,381.4,384.9,183.688
1650056400000,383.5,384.7,381.1,382.0,104.192
1650060000000,382.3,383.0,380.1,380.3,93.493
1650063600000,380.3,384.6,378.2,381.6,154.562
1650067200000,381.6,382.9,380.1,382.9,129.773
1650070800000,382.1,384.0,380.5,382.6,116.23
1650074400000,382.2,383.8,381.3,382.2,81.567
1650078000000,382.1,382.1,380.3,380.6,100.645
1650081600000,380.6,383.2,380.6,382.3,15.778
1650085200000,382.3,383.0,382.3,382.6,38.746
1650088800000,382.6,382.6,382.6,382.6,1.415
1650092400000,383.0,383.0,382.4,382.4,32.192
1650096000000,382.5,383.8,382.4,382.4,29.101
1650099600000,381.9,382.9,381.9,382.0,52.309
1650103200000,384.0,386.6,381.8,385.3,20.346
1650106800000,385.4,387.3,384.0,384.2,140.077
1650110400000,385.1,388.2,384.0,387.5,156.504
1650114000000,388.1,388.1,384.6,386.4,145.399
1650117600000,386.4,386.8,384.9,386.6,141.408
1650121200000,386.7,386.7,379.6,380.0,187.639
1650124800000,380.4,384.0,379.0,380.0,5.558
1650128400000,380.4,383.7,379.9,381.2,90.6
1650132000000,380.1,382.2,379.9,381.9,24.349
1650135600000,381.8,383.2,379.9,381.9,106.28
1650139200000,381.7,382.3,379.4,382.3,660.584
1650142800000,382.3,386.0,382.3,386.0,100.372
1650146400000,385.8,386.7,382.8,384.5,89.427
1650150000000,384.5,385.9,383.1,385.2,89.886
1650153600000,383.0,384.9,380.8,384.1,62.416
1650157200000,383.7,385.0,380.1,383.9,49.575
1650160800000,383.9,384.7,380.0,380.8,95.586
1650164400000,380.5,384.0,380.5,383.7,56.249
1650168000000,384.0,385.8,383.7,385.4,71.109
1650171600000,386.0,389.2,386.0,388.2,272.989
1650175200000,386.7,387.5,386.1,387.5,59.926
1650178800000,387.5,387.5,387.5,387.5,0.0
1650182400000,387.2,387.2,387.2,387.2,2.554
1650186000000,387.2,387.2,386.2,386.2,13.822
1650189600000,386.2,386.2,384.8,384.9,81.646
1650193200000,384.9,388.0,384.2,384.2,29.734
1650196800000,386.0,386.9,384.3,386.2,42.399
1650200400000,385.8,387.8,383.0,386.0,238.65
1650204000000,385.0,388.3,383.3,386.0,34.203
1650207600000,384.8,390.7,384.8,390.4,299.434
1650211200000,390.0,391.2,387.4,387.4,178.996
1650214800000,387.4,393.0,382.0,383.4,407.049
1650218400000,384.1,384.1,380.2,383.1,159.406
1650222000000,381.6,383.0,380.7,383.0,335.184
1650225600000,383.0,389.1,380.9,381.2,88.187
1650229200000,382.1,383.4,380.5,381.6,200.307
1650232800000,381.8,381.8,377.2,379.4,106.835
1650236400000,379.4,379.4,365.1,366.3,653.91
1650240000000,366.3,371.4,365.0,370.0,158.163
1650243600000,370.8,373.5,369.1,372.8,143.976
1650247200000,372.7,373.6,371.2,371.2,164.091
1650250800000,373.6,374.8,371.2,372.6,122.1
1650254400000,373.8,373.8,360.0,360.5,508.587
1650258000000,360.1,364.3,360.0,363.3,207.981
1650261600000,364.1,364.4,363.3,364.3,55.523
1650265200000,364.4,365.6,363.2,363.3,109.318
1650268800000,364.6,365.1,361.9,364.3,49.492
1650272400000,364.1,370.0,362.0,369.0,318.17
1650276000000,370.3,378.8,369.0,375.2,255.832
1650279600000,375.3,379.4,375.3,379.3,302.108
1650283200000,379.4,396.9,379.1,393.8,1499.98
1650286800000,393.5,396.2,390.8,393.5,431.259
1650290400000,394.3,399.0,393.1,398.9,669.509
1650294000000,397.8,399.6,394.1,398.1,764.113
1650297600000,397.7,404.0,393.1,399.2,645.615
1650301200000,399.3,407.0,397.4,404.0,620.006
1650304800000,404.6,419.2,402.2,411.5,1189.093
1650308400000,411.1,416.3,410.6,414.8,544.204
1650312000000,414.8,419.0,412.0,412.9,761.969
1650315600000,416.9,419.0,413.8,415.5,253.751
1650319200000,415.6,418.5,414.1,418.1,250.373
1650322800000,418.9,428.9,415.6,427.5,382.573
1650326400000,426.6,430.2,420.7,427.7,222.673
1650330000000,429.3,429.9,419.1,420.0,395.239
1650333600000,419.3,427.9,417.5,418.7,464.906
1650337200000,418.8,422.3,414.3,416.8,394.919
1650340800000,416.9,422.5,416.9,422.5,45.163
1650344400000,421.8,421.8,416.9,417.3,279.106
1650348000000,417.3,421.8,414.7,414.7,217.747
1650351600000,417.0,417.6,414.2,415.1,166.865
1650355200000,416.9,422.4,416.2,419.7,128.088
1650358800000,419.8,422.6,419.3,420.9,142.638
1650362400000,417.8,427.1,417.8,425.9,128.671
1650366000000,427.2,428.6,421.2,422.8,197.004
1650369600000,422.7,427.0,420.1,422.7,149.555
1650373200000,423.7,450.0,421.8,434.1,888.105
1650376800000,434.1,452.4,431.3,444.8,1001.223
1650380400000,444.1,447.3,441.1,442.4,706.285
1650384000000,442.4,443.1,436.9,441.2,779.684
1650387600000,440.9,443.2,435.0,437.1,311.896
1650391200000,439.7,442.3,437.1,439.9,199.721
1650394800000,442.0,444.1,440.5,440.6,464.253
1650398400000,441.5,443.2,436.3,440.6,507.517
1650402000000,440.6,450.6,439.1,445.8,376.348
1650405600000,446.9,449.8,442.6,445.1,212.464
1650409200000,445.1,451.9,445.1,449.0,126.903
1650412800000,448.5,450.1,440.9,448.2,231.572
1650416400000,446.8,446.8,439.0,444.2,156.429
1650420000000,444.0,446.9,438.6,441.4,175.07
1650423600000,445.5,445.8,438.7,441.5,143.101
1650427200000,441.5,443.0,439.1,440.0,103.199
1650430800000,443.4,448.3,443.4,446.5,68.679
1650434400000,442.7,449.9,442.7,446.4,194.17
1650438000000,446.4,449.9,444.0,444.1,140.464
1650441600000,444.6,446.6,443.0,443.0,94.213
1650445200000,449.0,449.3,442.3,446.8,49.179
1650448800000,447.3,454.9,445.8,453.3,335.387
1650452400000,453.3,455.8,452.0,455.7,263.631
1650456000000,455.7,455.7,449.5,454.5,489.964
1650459600000,453.7,453.7,445.2,450.1,457.632
1650463200000,451.9,455.5,445.3,445.5,539.048
1650466800000,445.1,446.4,437.1,443.9,794.895
1650470400000,442.9,443.8,437.1,441.9,506.068
1650474000000,442.0,444.9,439.8,441.7,172.323
1650477600000,440.9,443.3,436.1,439.0,187.331
1650481200000,439.1,442.8,439.0,440.5,253.618
1650484800000,440.5,449.9,439.4,445.1,764.5
1650488400000,446.8,449.9,440.8,443.4,194.725
1650492000000,448.9,448.9,443.7,445.7,32.925
1650495600000,445.7,448.9,441.2,441.2,202.827
1650499200000,441.2,448.0,440.1,444.8,38.68
1650502800000,443.6,448.3,441.4,443.6,173.922
1650506400000,440.3,446.9,440.0,440.7,189.64
1650510000000,441.3,441.3,436.6,436.6,26.4
1650513600000,437.5,441.9,436.1,436.1,230.966
1650517200000,435.7,436.0,431.7,433.6,204.784
1650520800000,431.3,438.2,430.4,437.8,211.512
1650524400000,438.0,442.4,438.0,442.4,89.244
1650528000000,443.0,445.0,442.9,444.7,270.618
1650531600000,442.7,445.2,440.8,440.9,93.783
1650535200000,443.5,477.7,443.5,452.5,873.973
1650538800000,452.9,457.9,452.9,457.2,266.979
1650542400000,457.8,460.4,455.9,458.3,413.875
1650546000000,458.6,461.4,456.5,457.2,252.347
1650549600000,456.3,461.9,454.4,461.9,786.759
1650553200000,462.4,463.0,456.7,458.0,269.368
1650556800000,457.9,463.9,451.7,453.5,686.679
1650560400000,452.1,458.4,451.9,454.9,503.174
1650564000000,453.1,457.0,450.6,450.6,473.942
1650567600000,450.4,451.4,447.7,447.9,183.833
1650571200000,447.5,450.3,434.6,437.3,421.456
1650574800000,436.6,439.1,425.5,425.5,130.192
1650578400000,426.9,428.2,418.3,422.3,423.397
1650582000000,422.3,427.5,420.6,423.0,248.375
1650585600000,423.7,431.4,423.7,425.8,172.082
1650589200000,428.5,432.4,427.6,431.2,171.895
1650592800000,431.9,433.9,428.6,428.7,97.784
1650596400000,428.7,432.4,427.8,432.0,189.265
1650600000000,432.6,436.5,432.6,435.5,129.2
1650603600000,437.4,441.0,437.4,441.0,24.74
1650607200000,438.6,440.5,436.7,436.7,162.415
1650610800000,436.7,439.8,430.3,438.5,197.509
1650614400000,436.8,439.9,436.4,439.2,84.538
1650618000000,438.1,438.1,430.2,434.7,54.799
1650621600000,434.7,448.2,431.0,448.2,460.462
1650625200000,448.9,450.7,444.6,448.1,204.228
1650628800000,448.1,456.5,448.1,455.4,476.539
1650632400000,455.5,458.1,448.8,452.4,280.891
1650636000000,453.0,456.0,444.2,450.4,313.167
1650639600000,450.2,453.4,431.0,443.1,974.663
1650643200000,443.9,446.3,438.4,444.1,698.921
1650646800000,443.3,446.6,442.8,444.0,338.093
1650650400000,445.4,455.7,442.1,455.6,392.465
1650654000000,455.0,458.2,449.3,452.0,695.592
1650657600000,453.3,455.0,451.9,454.5,209.507
1650661200000,454.5,454.6,448.2,454.5,142.96
1650664800000,448.7,450.9,445.5,450.9,57.91
1650668400000,451.0,454.7,445.3,452.4,44.707
1650672000000,451.9,454.9,446.9,446.9,32.404
1650675600000,449.5,450.8,448.7,450.8,20.445
1650679200000,450.6,450.6,444.3,446.4,16.018
1650682800000,446.2,447.4,443.2,447.4,14.09
1650686400000,448.1,449.8,443.3,448.5,564.68
1650690000000,451.4,452.4,447.6,449.6,45.72
1650693600000,449.4,449.7,448.1,448.1,32.877
1650697200000,448.7,448.7,448.7,448.7,1.109
1650700800000,450.0,450.0,450.0,450.0,0.682
1650704400000,451.2,451.2,449.3,449.3,1.009
1650708000000,449.2,449.2,446.1,446.1,45.981
1650711600000,448.4,453.7,444.1,447.4,82.86
1650715200000,447.1,447.1,438.6,442.7,394.875
1650718800000,442.7,444.7,440.4,440.8,238.347
1650722400000,440.8,444.6,438.0,440.2,246.218
1650726000000,440.9,442.9,440.1,440.1,100.186
1650729600000,440.1,447.4,440.0,444.4,244.184
1650733200000,443.9,445.5,440.3,444.6,311.29
1650736800000,444.6,445.2,441.5,442.0,61.515
1650740400000,440.8,441.9,440.1,441.4,34.667
1650744000000,441.5,441.9,437.6,439.2,219.12
1650747600000,437.8,441.4,437.8,438.9,141.166
1650751200000,438.8,440.3,436.0,437.3,143.236
1650754800000,436.4,438.6,428.1,431.4,291.261
1650758400000,433.2,440.1,433.2,440.1,41.157
1650762000000,440.4,444.7,436.2,439.2,90.299
1650765600000,439.2,444.6,437.6,438.9,169.717
1650769200000,441.4,442.5,438.3,441.0,65.655
1650772800000,442.7,451.0,439.8,442.4,240.913
1650776400000,444.5,444.5,442.3,442.5,51.95
1650780000000,442.0,443.7,442.0,443.7,19.345
1650783600000,443.1,443.1,440.3,440.8,46.847
1650787200000,442.1,442.3,440.7,440.9,47.753
1650790800000,442.7,442.8,440.5,441.8,32.015
1650794400000,441.7,441.8,438.5,440.1,63.428
1650798000000,440.1,440.1,437.6,437.7,37.223
1650801600000,437.7,440.7,437.7,438.4,8.061
1650805200000,438.4,439.5,435.5,437.1,187.969
1650808800000,437.2,450.0,431.7,436.5,270.392
1650812400000,436.5,442.9,431.2,432.6,822.029
1650816000000,433.0,435.1,426.1,433.6,641.229
1650819600000,433.8,436.1,430.1,436.1,251.87
1650823200000,435.1,439.9,435.1,438.1,313.072
1650826800000,439.2,443.9,438.1,443.6,589.18
1650830400000,444.3,444.7,440.3,440.9,260.877
1650834000000,440.4,441.5,438.8,439.7,175.121
1650837600000,439.5,441.0,436.2,439.4,69.457
1650841200000,439.4,439.9,435.4,436.4,100.423
1650844800000,436.4,437.1,419.9,424.2,212.574
1650848400000,424.0,432.5,424.0,432.3,122.938
1650852000000,431.6,433.2,430.0,431.2,210.75
1650855600000,433.0,441.1,431.6,440.3,477.117
1650859200000,439.7,440.6,432.4,440.6,156.491
1650862800000,436.7,438.0,433.9,435.8,115.629
1650866400000,434.5,434.5,428.1,428.1,244.811
1650870000000,428.0,433.2,425.3,427.7,149.044
1650873600000,427.4,431.5,427.4,429.8,22.47
1650877200000,428.8,435.1,425.1,433.1,197.261
1650880800000,431.7,431.7,425.2,428.1,403.67
1650884400000,429.6,432.8,420.1,431.3,614.47
1650888000000,428.8,434.8,428.8,430.4,495.237
1650891600000,433.8,439.5,428.5,437.8,1128.06
1650895200000,438.0,454.2,436.8,454.2,803.241
1650898800000,454.5,463.8,451.5,457.2,876.821
1650902400000,457.3,469.4,457.3,465.2,771.308
1650906000000,468.2,469.0,459.6,460.5,777.28
1650909600000,461.8,467.0,456.5,465.3,533.336
1650913200000,464.8,472.9,455.2,469.4,454.869
1650916800000,470.7,471.6,466.6,467.6,236.161
1650920400000,468.6,468.6,463.9,467.3,64.528
1650924000000,465.7,472.3,465.4,470.9,82.196
1650927600000,473.0,477.3,468.6,474.8,185.034
1650931200000,474.8,477.6,470.7,470.7,207.046
1650934800000,470.7,472.5,468.2,469.5,224.81
1650938400000,468.6,471.8,467.8,469.6,106.835
1650942000000,470.2,474.0,467.8,467.8,129.34
1650945600000,467.8,470.1,465.3,467.0,58.626
1650949200000,465.9,467.7,465.1,466.1,38.993
1650952800000,466.1,468.6,463.8,468.6,117.222
1650956400000,466.1,470.4,466.1,470.2,27.428
1650960000000,471.3,471.8,467.7,470.0,16.538
1650963600000,470.0,470.1,468.0,470.1,53.334
1650967200000,469.6,472.3,468.5,470.3,276.782
1650970800000,470.3,472.6,469.0,469.1,217.581
1650974400000,469.1,475.3,466.8,466.8,396.352
1650978000000,468.1,477.1,468.1,471.8,470.56
1650981600000,471.8,473.9,460.1,461.9,634.884
1650985200000,460.1,461.8,449.1,451.4,863.451
1650988800000,451.7,455.9,443.3,446.7,1258.393
1650992400000,444.5,450.5,440.1,448.2,656.987
1650996000000,448.2,448.2,442.3,446.4,807.056
1650999600000,446.4,447.5,436.1,443.9,1168.003
1651003200000,443.5,446.5,435.2,446.5,467.78
1651006800000,445.9,450.2,445.0,448.2,157.704
1651010400000,447.2,449.5,446.4,449.4,95.421
1651014000000,449.0,454.0,441.3,443.9,241.734
1651017600000,444.1,450.9,443.0,448.4,150.806
1651021200000,447.0,450.6,446.0,448.3,404.48
1651024800000,447.0,450.0,444.4,446.3,691.398
1651028400000,446.5,446.5,441.0,441.0,98.965
1651032000000,440.6,443.9,440.1,441.9,472.743
1651035600000,443.4,446.0,441.9,443.6,228.833
1651039200000,443.7,450.0,443.3,450.0,247.433
1651042800000,449.7,455.0,449.7,455.0,363.641
1651046400000,455.1,455.1,442.4,446.9,449.145
1651050000000,448.0,452.2,446.8,448.0,681.239
1651053600000,451.1,451.1,447.4,449.8,506.543
1651057200000,447.5,448.3,441.1,446.1,815.863
1651060800000,447.1,450.0,445.7,445.7,464.35
1651064400000,445.9,454.9,445.1,452.9,782.954
1651068000000,452.9,452.9,445.0,446.2,387.157
1651071600000,446.9,449.9,446.4,448.7,197.668
1651075200000,448.6,450.5,444.7,448.6,826.392
1651078800000,446.3,448.5,441.5,443.3,908.974
1651082400000,443.4,445.3,441.9,442.3,341.853
1651086000000,442.5,449.4,438.6,442.5,764.667
1651089600000,441.9,445.9,441.8,444.5,253.128
1651093200000,444.1,447.5,443.7,447.5,210.348
1651096800000,443.3,445.1,442.7,442.7,72.445
1651100400000,441.9,444.6,441.9,443.3,121.64
1651104000000,444.1,449.0,444.1,447.7,388.049
1651107600000,447.8,450.3,446.0,446.0,329.794
1651111200000,446.0,450.2,446.0,449.0,107.188
1651114800000,448.6,450.0,447.0,447.5,188.002
1651118400000,448.9,448.9,447.0,447.0,191.572
1651122000000,448.2,448.2,442.0,443.6,82.633
1651125600000,445.1,445.8,444.4,444.4,90.248
1651129200000,445.3,446.5,445.1,446.5,32.521
1651132800000,443.2,449.6,443.2,448.4,117.626
1651136400000,449.0,457.8,449.0,456.2,171.241
1651140000000,456.3,459.0,450.8,457.0,477.739
1651143600000,456.9,457.0,454.0,454.0,190.667
1651147200000,454.5,459.1,452.0,457.9,501.963
1651150800000,457.1,457.1,447.8,447.8,787.36
1651154400000,447.8,453.1,442.7,446.0,581.744
1651158000000,445.8,452.0,438.7,439.3,811.277
1651161600000,439.2,444.9,435.2,438.6,620.159
1651165200000,439.7,447.8,438.0,446.6,811.733
1651168800000,447.1,447.7,442.0,442.0,335.062
1651172400000,442.6,445.2,438.2,440.1,304.915
1651176000000,439.9,444.5,435.3,442.5,401.191
1651179600000,442.5,443.2,438.1,440.8,89.563
1651183200000,440.8,441.3,439.0,441.0,208.663
1651186800000,442.5,443.2,436.1,443.2,100.042
1651190400000,443.2,445.1,441.0,441.8,144.156
1651194000000,444.6,445.3,441.9,443.4,168.618
1651197600000,441.7,443.5,434.0,434.3,329.196
1651201200000,439.4,439.4,427.0,427.0,319.49
1651204800000,427.0,427.8,423.0,426.3,475.846
1651208400000,425.2,428.6,423.1,427.3,274.981
1651212000000,424.7,430.4,424.6,429.3,140.925
1651215600000,430.9,433.2,430.9,432.5,90.53
1651219200000,432.6,433.8,428.4,431.3,274.656
1651222800000,428.1,433.4,427.1,428.5,145.755
1651226400000,428.7,432.0,424.3,426.2,631.873
1651230000000,426.2,428.0,420.0,427.8,620.927
1651233600000,428.9,429.2,422.4,425.3,547.353
1651237200000,425.3,436.7,424.3,428.1,252.632
1651240800000,429.1,438.8,426.9,437.2,620.842
1651244400000,438.7,438.9,432.7,433.5,531.073
1651248000000,433.6,434.9,425.1,428.0,701.728
1651251600000,428.7,429.3,422.8,425.2,349.747
1651255200000,424.7,425.0,418.1,422.1,524.06
1651258800000,421.8,424.5,418.4,422.6,556.931
1651262400000,424.9,429.0,422.3,428.2,664.003
1651266000000,426.6,428.0,424.0,425.0,178.49
1651269600000,425.1,431.8,420.7,421.8,163.218
1651273200000,428.7,430.3,421.4,430.3,71.319
1651276800000,424.9,447.0,424.9,425.8,490.946
1651280400000,432.0,432.0,428.0,429.8,59.617
1651284000000,429.8,431.8,424.7,427.6,347.376
1651287600000,427.3,428.2,423.6,425.4,57.313
1651291200000,425.0,428.9,424.0,425.9,303.341
1651294800000,425.8,428.4,425.0,428.4,115.044
1651298400000,428.4,428.4,426.6,428.1,92.768
1651302000000,427.1,427.3,424.5,425.0,68.688
1651305600000,424.4,424.4,421.6,421.6,10.603
1651309200000,421.4,423.7,417.1,419.1,458.47
1651312800000,420.5,422.9,417.4,421.5,220.555
1651316400000,420.9,424.2,419.1,421.3,345.624
1651320000000,421.3,421.8,418.5,418.5,435.042
1651323600000,418.1,418.9,409.1,412.3,559.736
1651327200000,410.7,414.5,405.1,407.7,1202.927
1651330800000,407.6,410.3,404.1,407.9,526.597
1651334400000,408.8,409.6,403.0,403.3,395.261
1651338000000,403.2,404.4,397.9,401.8,1118.909
1651341600000,401.5,408.3,401.4,407.5,896.792
1651345200000,407.9,408.0,403.6,406.1,594.51
1651348800000,406.8,407.8,402.1,404.4,798.441
1651352400000,404.9,406.0,402.5,403.6,512.839
1651356000000,402.5,402.5,393.0,394.0,353.9
1651359600000,393.4,396.6,385.0,391.3,1606.3
1651363200000,392.8,398.0,390.7,393.8,611.765
1651366800000,392.3,397.9,380.1,395.1,611.513
1651370400000,394.0,396.1,391.1,392.1,255.081
1651374000000,394.1,399.7,394.1,397.8,347.735
1651377600000,397.4,397.8,396.1,397.2,253.973
1651381200000,398.3,401.7,397.4,400.5,337.773
1651384800000,402.1,407.0,401.6,403.2,334.602
1651388400000,403.2,406.9,398.3,400.7,77.575
1651392000000,402.1,406.3,401.8,405.8,454.785
1651395600000,406.2,407.6,400.9,404.4,334.456
1651399200000,403.2,403.3,398.5,398.5,156.652
1651402800000,399.6,399.6,397.3,397.3,87.198
1651406400000,402.3,402.8,395.0,402.2,408.213
1651410000000,404.4,404.4,395.7,401.7,252.403
1651413600000,401.7,402.1,394.2,399.1,327.9
1651417200000,399.9,406.6,398.6,405.5,587.395
1651420800000,407.4,412.9,403.1,412.3,454.187
1651424400000,412.4,414.1,409.9,411.4,421.069
1651428000000,409.5,410.6,404.9,404.9,211.039
1651431600000,405.4,406.2,397.4,401.2,356.988
1651435200000,401.1,407.3,400.2,407.3,748.207
1651438800000,408.1,409.0,404.1,406.6,275.531
1651442400000,408.1,410.2,407.2,410.2,231.3
1651446000000,411.3,413.2,408.2,413.2,420.132
1651449600000,410.7,419.1,410.7,418.8,681.901
1651453200000,419.2,421.3,414.2,416.0,519.747
1651456800000,416.0,416.0,411.2,413.8,338.134
1651460400000,414.9,416.4,413.7,414.3,421.394
1651464000000,415.6,416.4,411.7,415.8,416.303
1651467600000,415.8,417.3,412.7,416.6,346.624
1651471200000,417.9,419.2,414.1,415.4,186.732
1651474800000,415.4,416.2,412.6,412.6,209.765
1651478400000,412.1,415.0,410.8,413.9,546.435
1651482000000,415.0,415.6,412.5,412.9,169.367
1651485600000,412.7,413.6,409.5,410.3,590.018
1651489200000,412.5,418.9,412.2,413.9,1065.114
1651492800000,414.0,424.4,414.0,422.5,606.644
1651496400000,422.5,429.5,417.8,427.8,810.862
1651500000000,425.3,425.9,420.8,422.1,517.976
1651503600000,421.8,423.4,417.5,418.5,708.129
1651507200000,419.1,422.5,417.2,417.9,344.245
1651510800000,419.4,420.2,414.0,415.9,698.629
1651514400000,415.9,417.2,400.0,412.4,782.509
1651518000000,414.0,420.1,412.9,419.8,760.686
1651521600000,420.0,424.9,420.0,422.1,556.845
1651525200000,422.1,429.0,421.3,427.4,255.815
1651528800000,429.0,431.9,420.5,428.9,363.088
1651532400000,428.9,430.9,428.2,428.2,122.868
1651536000000,427.8,430.1,424.7,426.8,257.341
1651539600000,427.1,435.1,425.4,431.3,304.94
1651543200000,431.5,432.3,426.9,430.6,197.402
1651546800000,430.6,432.0,415.3,429.9,192.197
1651550400000,430.2,431.4,427.4,431.1,172.908
1651554000000,426.8,428.4,421.5,428.4,112.334
1651557600000,430.8,430.8,427.1,427.1,5.706
1651561200000,430.2,431.1,427.6,427.6,48.854
1651564800000,430.8,433.0,429.2,430.0,15.966
1651568400000,429.5,430.4,425.6,425.6,112.896
1651572000000,425.6,428.8,425.6,428.7,8.332
1651575600000,427.5,435.0,425.6,430.6,132.337
1651579200000,430.7,431.7,424.3,424.3,209.235
1651582800000,426.4,426.5,417.4,421.1,206.367
1651586400000,420.5,421.9,419.2,420.0,48.083
1651590000000,420.3,423.9,418.3,420.8,630.085
1651593600000,422.8,422.9,417.3,418.3,296.578
1651597200000,418.7,419.7,416.7,418.5,281.966
1651600800000,416.0,417.4,411.9,413.4,409.081
1651604400000,413.1,414.0,409.9,411.6,246.947
1651608000000,409.8,410.0,402.0,409.8,263.245
1651611600000,410.4,412.9,407.7,411.1,131.996
1651615200000,413.4,414.5,410.3,412.8,126.217
1651618800000,412.8,413.4,410.7,412.1,18.825
1651622400000,412.1,413.2,409.9,412.0,132.163
1651626000000,412.0,412.9,409.2,411.4,41.591
1651629600000,411.4,415.0,411.4,414.2,31.088
1651633200000,414.2,416.9,412.4,416.9,17.386
1651636800000,417.1,417.1,412.5,415.1,48.281
1651640400000,415.0,416.6,415.0,416.5,96.405
1651644000000,419.0,420.0,419.0,419.5,26.941
1651647600000,422.4,424.2,421.1,424.2,88.84
1651651200000,425.4,433.8,424.1,429.9,31.663
1651654800000,433.3,433.3,427.3,431.4,24.242
1651658400000,431.2,436.0,431.1,434.2,161.648
1651662000000,433.0,434.3,430.1,433.3,219.676
1651665600000,434.5,436.4,427.0,427.0,232.582
1651669200000,427.1,430.9,423.0,424.1,354.876
1651672800000,424.5,426.4,422.7,422.7,475.182
1651676400000,422.7,423.6,417.1,420.4,716.825
1651680000000,420.4,424.8,419.9,424.1,548.303
1651683600000,424.2,424.3,419.7,422.7,344.212
1651687200000,420.4,432.2,416.0,427.4,789.841
1651690800000,426.5,435.6,426.1,430.3,501.206
1651694400000,432.1,434.7,426.0,429.8,389.379
1651698000000,429.5,431.9,425.0,425.0,92.988
1651701600000,425.7,425.9,420.1,425.2,91.4
1651705200000,427.2,428.3,423.4,425.9,77.975
1651708800000,425.5,427.2,420.4,423.9,368.319
1651712400000,424.4,431.8,423.9,431.8,133.392
1651716000000,429.3,432.9,426.8,429.8,144.298
1651719600000,429.8,431.1,428.2,428.2,28.38
1651723200000,428.2,431.6,428.2,429.3,72.357
1651726800000,430.6,431.8,424.3,424.3,21.97
1651730400000,427.4,427.4,423.1,423.1,161.498
1651734000000,422.9,424.2,422.0,424.2,110.886
1651737600000,423.2,427.6,416.7,421.0,232.474
1651741200000,423.4,423.4,418.0,421.0,266.55
1651744800000,420.7,424.2,420.1,422.9,176.68
1651748400000,422.8,426.2,421.0,421.3,140.033
1651752000000,421.6,427.4,421.1,425.8,588.362
1651755600000,425.8,425.8,419.1,419.8,326.226
1651759200000,419.8,419.8,410.1,410.6,627.969
1651762800000,416.9,418.7,399.5,407.3,1240.182
1651766400000,404.1,415.6,404.1,413.7,1008.564
1651770000000,413.2,414.9,408.8,408.8,456.153
1651773600000,408.0,409.4,397.0,405.8,719.72
1651777200000,407.3,411.7,402.1,411.5,956.499
1651780800000,410.4,415.0,408.5,415.0,472.436
1651784400000,416.1,418.2,412.3,417.9,481.288
1651788000000,419.7,423.2,417.5,417.5,219.778
1651791600000,416.5,421.2,415.9,416.6,3.487
1651795200000,416.7,419.8,412.0,414.4,367.789
1651798800000,415.4,415.4,406.8,409.1,267.576
1651802400000,409.5,412.5,409.5,410.3,174.6
1651806000000,410.3,411.5,404.2,409.2,159.347
1651809600000,408.7,409.9,405.5,406.9,116.72
1651813200000,407.4,409.5,407.3,409.5,29.195
1651816800000,409.5,409.5,406.4,406.4,7.84
1651820400000,406.6,408.3,400.8,406.9,244.241
1651824000000,406.8,408.3,401.0,403.4,248.283
1651827600000,403.7,410.8,403.6,409.1,26.717
1651831200000,408.5,412.2,404.9,406.0,194.32
1651834800000,405.0,407.0,400.7,405.8,335.57
1651838400000,407.4,411.0,404.1,410.0,236.015
1651842000000,407.5,411.8,399.0,400.6,508.73
1651845600000,400.7,408.0,400.0,408.0,171.508
1651849200000,408.0,412.4,405.7,405.7,184.922
1651852800000,405.6,409.4,404.1,407.1,250.396
1651856400000,408.1,409.5,405.7,406.0,153.885
1651860000000,405.3,408.4,403.8,408.2,138.456
1651863600000,406.5,407.9,405.0,405.1,247.325
1651867200000,405.1,406.0,402.8,406.0,266.449
1651870800000,406.0,406.0,401.0,401.0,96.283
1651874400000,403.6,403.6,399.0,401.1,112.797
1651878000000,401.1,402.4,394.6,395.5,208.441
1651881600000,395.0,396.9,392.0,392.2,112.571
1651885200000,392.6,395.0,388.6,389.7,260.917
1651888800000,391.5,397.3,390.7,391.8,98.99
1651892400000,389.8,395.1,384.1,386.4,140.342
1651896000000,386.5,386.5,372.9,373.0,340.623
1651899600000,373.0,375.3,372.0,375.3,148.911
1651903200000,376.8,376.8,368.3,369.9,356.304
1651906800000,370.2,374.1,368.1,373.9,450.418
1651910400000,373.5,376.8,371.3,375.6,345.041
1651914000000,374.8,376.7,371.4,372.9,163.605
1651917600000,373.9,379.5,372.8,377.7,261.454
1651921200000,378.4,382.5,375.0,378.2,578.582
1651924800000,376.9,381.0,374.3,375.6,421.219
1651928400000,375.5,376.4,370.1,373.0,585.557
1651932000000,373.7,376.0,373.1,374.1,701.888
1651935600000,373.7,376.9,372.5,375.7,305.45
1651939200000,375.9,376.4,372.1,374.4,307.198
1651942800000,375.5,375.5,370.5,370.8,483.464
1651946400000,371.9,374.6,368.0,372.0,675.926
1651950000000,372.4,375.8,368.9,371.6,197.482
1651953600000,371.0,372.2,360.7,363.5,592.688
1651957200000,362.1,362.9,340.5,342.5,975.194
1651960800000,343.2,351.1,325.0,334.9,1231.072
1651964400000,337.4,360.2,337.4,348.7,1385.159
1651968000000,348.7,350.7,333.4,333.4,645.242
1651971600000,336.5,338.8,324.1,326.7,745.344
1651975200000,325.0,334.0,317.8,334.0,1445.912
1651978800000,332.5,340.8,329.0,336.0,705.953
1651982400000,336.4,339.7,332.7,333.5,1004.325
1651986000000,334.2,337.7,326.0,333.6,1160.239
1651989600000,334.3,335.6,327.1,335.5,974.756
1651993200000,333.5,334.0,326.2,328.9,814.455
1651996800000,329.1,330.5,326.0,327.5,562.661
1652000400000,328.6,328.6,320.4,322.0,604.174
1652004000000,323.0,328.1,321.2,326.2,866.02
1652007600000,326.7,330.1,322.4,324.4,870.341
1652011200000,325.2,328.7,308.7,309.3,734.073
1652014800000,309.8,324.1,305.1,313.9,3086.21
1652018400000,312.2,336.0,312.2,331.7,2687.818
1652022000000,330.5,342.0,330.5,334.7,1249.54
1652025600000,333.3,340.3,331.7,332.8,2092.154
1652029200000,330.8,338.1,322.0,337.9,2226.423
1652032800000,338.0,348.9,332.5,343.4,2749.653
1652036400000,342.8,344.0,338.4,339.6,1649.293
1652040000000,341.4,341.4,335.3,337.9,1797.68
1652043600000,338.2,342.1,338.1,341.7,794.391
1652047200000,341.7,341.7,332.5,333.2,503.7
1652050800000,332.5,333.2,324.7,330.4,546.472
1652054400000,330.0,334.4,325.0,330.0,748.842
1652058000000,329.3,330.4,319.1,320.5,1317.683
1652061600000,320.3,320.3,307.0,310.8,1312.444
1652065200000,311.0,317.1,310.0,314.1,1044.34
1652068800000,314.4,327.1,314.2,321.0,1245.056
1652072400000,321.3,323.8,314.7,315.0,922.204
1652076000000,316.6,318.2,311.4,317.5,1474.18
1652079600000,318.1,319.5,308.2,314.2,708.103
1652083200000,311.9,317.1,307.0,315.6,1295.912
1652086800000,316.4,317.0,312.2,312.8,2000.44
1652090400000,313.3,315.6,304.5,310.9,834.373
1652094000000,312.5,314.5,304.7,306.6,1402.119
1652097600000,306.6,311.3,302.5,307.1,702.592
1652101200000,307.1,318.9,302.2,310.8,2435.32
1652104800000,310.6,313.7,303.2,304.3,1419.25
1652108400000,303.0,306.8,286.3,296.0,2132.977
1652112000000,296.2,297.4,270.1,278.9,3801.39
1652115600000,275.9,278.0,266.3,266.8,2603.948
1652119200000,267.0,268.9,225.1,240.7,2444.663
1652122800000,242.4,253.3,230.1,243.6,2585.721
1652126400000,248.7,274.8,245.0,255.5,2417.901
1652130000000,254.7,259.9,209.0,216.3,4056.075
1652133600000,220.3,244.4,207.4,217.9,3796.567
1652137200000,216.7,222.9,156.1,158.0,6484.912
1652140800000,158.0,204.7,140.0,204.4,7895.625
1652144400000,202.0,210.0,178.0,184.7,7065.892
1652148000000,184.1,188.0,160.0,161.9,4596.4
1652151600000,161.6,163.3,130.7,131.7,4725.277
1652155200000,135.0,159.9,122.2,155.5,5393.724
1652158800000,155.6,174.9,143.3,168.9,5005.942
1652162400000,169.7,193.6,167.8,179.1,6746.604
1652166000000,184.5,184.5,157.5,161.4,8115.376
1652169600000,160.6,177.9,160.1,167.0,7847.674
1652173200000,166.2,180.2,149.5,151.5,7092.293
1652176800000,151.0,159.7,147.1,152.0,6757.666
1652180400000,152.0,174.3,152.0,169.2,8261.971
1652184000000,169.2,179.3,164.7,172.8,4122.38
1652187600000,173.6,179.9,160.2,164.3,4414.726
1652191200000,164.1,170.9,149.0,152.1,3017.34
1652194800000,152.1,171.9,143.2,162.9,3601.127
1652198400000,165.0,168.0,151.2,154.7,2955.447
1652202000000,155.9,166.6,153.9,158.6,3099.354
1652205600000,160.3,160.3,144.5,144.5,4076.285
1652209200000,147.6,148.0,124.0,129.0,7202.1
1652212800000,129.1,129.3,116.2,119.9,8377.455
1652216400000,117.5,121.5,80.0,86.0,13055.093
1652220000000,84.9,96.7,70.7,81.5,20045.228
1652223600000,81.3,95.3,76.3,90.0,23689.362
1652227200000,89.8,101.9,85.8,87.8,26217.918
1652230800000,87.6,88.9,72.7,76.4,15298.585
1652234400000,75.5,84.0,67.0,79.6,38042.946
1652238000000,79.7,81.6,68.0,70.1,45289.81
1652241600000,70.2,73.0,53.6,54.1,45157.92
1652245200000,56.1,62.1,45.0,48.2,131512.462
1652248800000,48.6,50.0,33.0,34.6,127256.856
1652252400000,32.8,36.2,21.1,29.0,23603.179
1652256000000,28.9,37.7,26.2,32.5,31676.563
1652259600000,30.0,30.7,17.3,20.8,100449.5
1652263200000,20.5,24.9,13.0,14.4,181201.718
1652266800000,14.1,15.0,8.1,8.2,141536.281
1652270400000,8.3,11.0,3.6,4.3,97062.806
1652274000000,4.3,19.8,3.9,14.4,225564.609
1652277600000,14.4,40.0,14.101,22.0,306529.369
1652281200000,20.9,21.8,10.35,12.243,396440.763
1652284800000,12.899,13.6,10.3,11.706,140051.306
1652288400000,11.705,12.1,7.755,9.28,212055.697
1652292000000,9.27,9.7,6.401,7.083,129566.1
1652295600000,6.978,7.259,5.52,6.32,101036.888
1652299200000,6.3,7.499,5.2,5.355,109787.96
1652302800000,5.465,6.367,5.203,5.948,101989.876
1652306400000,5.7,7.9,5.301,5.685,176232.778
1652310000000,5.683,6.0,5.3,5.7,121121.803
1652313600000,5.7,7.1,5.384,5.85,125185.32
1652317200000,5.875,6.4,4.31,4.687,195556.01
1652320800000,4.5,4.685,2.867,2.98,326049.897
1652324400000,2.852,2.972,1.85,2.098,355694.703
1652328000000,2.097,2.2,1.418,1.555,258749.547
1652331600000,1.541,2.187,1.096,1.697,201715.892
1652335200000,1.699,1.7,0.84,0.84,156294.553
1652338800000,0.811,1.0,0.6,0.797,162885.25
1652342400000,0.711,0.8,0.379,0.4,311729.76
1652346000000,0.401,0.43,0.134,0.134,1577717.707
1652349600000,0.131,0.8,0.102,0.415,4020969.388
1652353200000,0.425,0.7,0.16,0.167,4277963.456
1652356800000,0.174,0.2,0.1,0.104,7184273.274
1652360400000,0.1074,0.133,0.0564,0.058,10752716.617
1652364000000,0.0598,0.064,0.0179,0.034,20834409.348
1652367600000,0.035,0.0659,0.024,0.0459,23458775.453
1652371200000,0.0459,0.137,0.039,0.0758,26786854.916
1652374800000,0.0732,0.11,0.0568,0.1049,19968656.72
1652378400000,0.104,0.12,0.0831,0.1155,12677446.61
1652382000000,0.1152,0.209,0.1152,0.1977,13584294.159
1652385600000,0.1999,0.299,0.1126,0.1404,21658704.111
1652389200000,0.14,0.1444,0.0189,0.0212,61258345.677
1652392800000,0.0213,0.0245,0.0056,0.0125,154236921.722
1652396400000,0.0125,0.0159,0.0015,0.0017,253761790.306
1652400000000,0.0017,0.0034,0.0002,0.0003,499789606.536
